3 0 1 00000 00000000 0
4 0 1 00000 00000000 0
5 0 1 00000 00000000 0
6 0 1 00000 00000000 0
7 0 1 00000 00000000 0
8 0 1 00000 00000000 0
9 0 1 00000 00000000 0
10 0 1 00000 00000000 0
11 0 1 00000 00000000 0
12 0 1 00000 00000000 0
13 0 1 00000 00000000 0
14 0 1 00000 00000000 0
15 0 1 00000 00000000 0
16 0 1 00000 00000000 0
17 0 1 00000 00000000 0
18 0 1 00000 00000000 0
19 4 3 00000 00000000 0
20 4 3 00001 00000000 0
21 4 3 00002 00000000 0
22 4 3 00003 00000000 0
23 1 1 00000 00000000 0
24 1 1 00000 00000000 1
25 1 1 00000 00000000 1
26 1 1 00000 00000000 1
27 1 1 00000 00000000 1
28 1 1 00000 00000000 1
29 1 1 00000 00000000 1
30 1 1 00000 00000000 1
31 1 1 00000 00000000 1
32 1 1 00000 00000000 1
33 1 1 00000 00000000 1
34 1 1 00000 00000000 1
35 1 1 00000 00000000 1
36 1 1 00000 00000000 1
37 1 1 00000 00000000 1
38 1 1 00000 00000000 1
39 4 3 00000 00000000 0
40 4 3 00001 00000000 0
41 4 3 00002 00000000 0
42 4 3 00003 00000000 0
43 2 1 00000 00000000 0
44 2 1 00000 00000000 1
45 2 1 00000 00000000 1
46 2 1 00000 00000000 1
47 2 1 00000 00000000 1
48 2 1 00000 00000000 1
49 2 1 00000 00000000 1
50 2 1 00000 00000000 1
51 2 1 00000 00000000 1
52 2 1 00000 00000000 1
53 2 1 00000 00000000 1
54 2 1 00000 00000000 1
55 2 1 00000 00000000 1
56 2 1 00000 00000000 1
57 2 1 00000 00000000 1
58 2 1 00000 00000000 1
59 4 3 00000 00000000 0
60 4 3 00001 00000000 0
61 4 3 00002 00000000 0
62 4 3 00003 00000000 0
63 3 1 00000 00000000 0
64 3 1 00000 00000000 1
65 3 1 00000 00000000 1
66 3 1 00000 00000000 1
67 3 1 00000 00000000 1
68 3 1 00000 00000000 1
69 3 1 00000 00000000 1
70 3 1 00000 00000000 1
71 3 1 00000 00000000 1
72 3 1 00000 00000000 1
73 3 1 00000 00000000 1
74 3 1 00000 00000000 1
75 3 1 00000 00000000 1
76 3 1 00000 00000000 1
77 3 1 00000 00000000 1
78 3 1 00000 00000000 1
79 4 3 00000 00000000 0
80 4 3 00001 00000000 0
81 4 3 00002 00000000 0
82 4 3 00003 00000000 0
83 0 2 00000 00000000 0
84 0 2 00000 00000000 0
85 0 2 00000 00000000 0
86 0 2 00000 00000000 0
87 0 2 00000 00000000 0
88 0 2 00000 00000000 0
89 0 2 00000 00000000 0
90 0 2 00000 00000000 0
91 0 2 00000 00000000 0
92 0 2 00000 00000000 0
93 0 2 00000 00000000 0
94 0 2 00000 00000000 0
95 0 2 00000 00000000 0
96 0 2 00000 00000000 0
97 0 2 00000 00000000 0
98 0 2 00000 00000000 0
99 4 3 00000 00000000 0
100 4 3 00001 00000000 0
101 4 3 00002 00000000 0
102 4 3 00003 00000000 0
103 1 2 00000 00000000 0
104 0 3 00000 00000001 0
105 0 3 00001 00000000 0
106 0 3 00002 00000000 0
107 0 3 00003 00000000 0
108 2 2 00000 00000000 0
109 1 3 00000 00000002 0
110 1 3 00001 00000000 0
111 1 3 00002 00000000 0
112 1 3 00003 00000000 0
113 3 2 00000 00000000 0
114 2 3 00000 00000003 0
115 2 3 00001 00000000 0
116 2 3 00002 00000000 0
117 2 3 00003 00000000 0
118 0 2 00000 00000000 0
119 3 3 00000 00000004 0
120 3 3 00001 00000000 0
121 3 3 00002 00000000 0
122 3 3 00003 00000000 0
123 1 2 00000 00000000 0
124 0 3 00000 00000002 0
125 0 3 00001 00000000 0
126 0 3 00002 00000000 0
127 0 3 00003 00000000 0
128 2 2 00000 00000000 0
129 1 3 00000 00000004 0
130 1 3 00001 00000000 0
131 1 3 00002 00000000 0
132 1 3 00003 00000000 0
133 3 2 00000 00000000 0
134 2 3 00000 00000006 0
135 2 3 00001 00000000 0
136 2 3 00002 00000000 0
137 2 3 00003 00000000 0
138 0 2 00000 00000000 0
139 3 3 00000 00000008 0
140 3 3 00001 00000000 0
141 3 3 00002 00000000 0
142 3 3 00003 00000000 0
143 1 2 00000 00000000 0
144 0 3 00000 00000003 0
145 0 3 00001 00000000 0
146 0 3 00002 00000000 0
147 0 3 00003 00000000 0
148 2 2 00000 00000000 0
149 1 3 00000 00000006 0
150 1 3 00001 00000000 0
151 1 3 00002 00000000 0
152 1 3 00003 00000000 0
153 3 2 00000 00000000 0
154 2 3 00000 00000009 0
155 2 3 00001 00000000 0
156 2 3 00002 00000000 0
157 2 3 00003 00000000 0
158 0 2 00000 00000000 0
159 3 3 00000 0000000C 0
160 3 3 00001 00000000 0
161 3 3 00002 00000000 0
162 3 3 00003 00000000 0
163 1 2 00000 00000000 0
164 0 3 00000 00000004 0
165 0 3 00001 00000000 0
166 0 3 00002 00000000 0
167 0 3 00003 00000000 0
168 2 2 00000 00000000 0
169 1 3 00000 00000008 0
170 1 3 00001 00000000 0
171 1 3 00002 00000000 0
172 1 3 00003 00000000 0
173 3 2 00000 00000000 0
174 2 3 00000 0000000C 0
175 2 3 00001 00000000 0
176 2 3 00002 00000000 0
177 2 3 00003 00000000 0
178 0 2 00000 00000000 0
179 3 3 00000 00000010 0
180 3 3 00001 00000000 0
181 3 3 00002 00000000 0
182 3 3 00003 00000000 0
183 1 2 00000 00000000 0
184 0 3 00000 00000005 0
185 0 3 00001 00000000 0
186 0 3 00002 00000000 0
187 0 3 00003 00000000 0
188 2 2 00000 00000000 0
189 1 3 00000 0000000A 0
190 1 3 00001 00000000 0
191 1 3 00002 00000000 0
192 1 3 00003 00000000 0
193 3 2 00000 00000000 0
194 2 3 00000 0000000F 0
195 2 3 00001 00000000 0
196 2 3 00002 00000000 0
197 2 3 00003 00000000 0
198 0 2 00000 00000000 0
199 3 3 00000 00000014 0
200 3 3 00001 00000000 0
201 3 3 00002 00000000 0
202 3 3 00003 00000000 0
203 1 2 00000 00000000 0
204 0 3 00000 00000006 0
205 0 3 00001 00000000 0
206 0 3 00002 00000000 0
207 0 3 00003 00000000 0
208 2 2 00000 00000000 0
209 1 3 00000 0000000C 0
210 1 3 00001 00000000 0
211 1 3 00002 00000000 0
212 1 3 00003 00000000 0
213 3 2 00000 00000000 0
214 2 3 00000 00000012 0
215 2 3 00001 00000000 0
216 2 3 00002 00000000 0
217 2 3 00003 00000000 0
218 0 2 00000 00000000 0
219 3 3 00000 00000018 0
220 3 3 00001 00000000 0
221 3 3 00002 00000000 0
222 3 3 00003 00000000 0
223 1 2 00000 00000000 0
224 0 3 00000 00000007 0
225 0 3 00001 00000000 0
226 0 3 00002 00000000 0
227 0 3 00003 00000000 0
228 2 2 00000 00000000 0
229 1 3 00000 0000000E 0
230 1 3 00001 00000000 0
231 1 3 00002 00000000 0
232 1 3 00003 00000000 0
233 3 2 00000 00000000 0
234 2 3 00000 00000015 0
235 2 3 00001 00000000 0
236 2 3 00002 00000000 0
237 2 3 00003 00000000 0
238 0 2 00000 00000000 0
239 3 3 00000 0000001C 0
240 3 3 00001 00000000 0
241 3 3 00002 00000000 0
242 3 3 00003 00000000 0
243 1 2 00000 00000000 0
244 0 3 00000 00000008 0
245 0 3 00001 00000000 0
246 0 3 00002 00000000 0
247 0 3 00003 00000000 0
248 2 2 00000 00000000 0
249 1 3 00000 00000010 0
250 1 3 00001 00000000 0
251 1 3 00002 00000000 0
252 1 3 00003 00000000 0
253 3 2 00000 00000000 0
254 2 3 00000 00000018 0
255 2 3 00001 00000000 0
256 2 3 00002 00000000 0
257 2 3 00003 00000000 0
258 0 2 00000 00000000 0
259 3 3 00000 00000020 0
260 3 3 00001 00000000 0
261 3 3 00002 00000000 0
262 3 3 00003 00000000 0
263 1 2 00000 00000000 0
264 0 3 00000 00000009 0
265 0 3 00001 00000000 0
266 0 3 00002 00000000 0
267 0 3 00003 00000000 0
268 2 2 00000 00000000 0
269 1 3 00000 00000012 0
270 1 3 00001 00000000 0
271 1 3 00002 00000000 0
272 1 3 00003 00000000 0
273 3 2 00000 00000000 0
274 2 3 00000 0000001B 0
275 2 3 00001 00000000 0
276 2 3 00002 00000000 0
277 2 3 00003 00000000 0
278 0 2 00000 00000000 0
279 3 3 00000 00000024 0
280 3 3 00001 00000000 0
281 3 3 00002 00000000 0
282 3 3 00003 00000000 0
283 1 2 00000 00000000 0
284 0 3 00000 0000000A 0
285 0 3 00001 00000000 0
286 0 3 00002 00000000 0
287 0 3 00003 00000000 0
288 2 2 00000 00000000 0
289 1 3 00000 00000014 0
290 1 3 00001 00000000 0
291 1 3 00002 00000000 0
292 1 3 00003 00000000 0
293 3 2 00000 00000000 0
294 2 3 00000 0000001E 0
295 2 3 00001 00000000 0
296 2 3 00002 00000000 0
297 2 3 00003 00000000 0
298 0 2 00000 00000000 0
299 3 3 00000 00000028 0
300 3 3 00001 00000000 0
301 3 3 00002 00000000 0
302 3 3 00003 00000000 0
303 1 2 00000 00000000 0
304 0 3 00000 0000000B 0
305 0 3 00001 00000000 0
306 0 3 00002 00000000 0
307 0 3 00003 00000000 0
308 2 2 00000 00000000 0
309 1 3 00000 00000016 0
310 1 3 00001 00000000 0
311 1 3 00002 00000000 0
312 1 3 00003 00000000 0
313 3 2 00000 00000000 0
314 2 3 00000 00000021 0
315 2 3 00001 00000000 0
316 2 3 00002 00000000 0
317 2 3 00003 00000000 0
318 0 2 00000 00000000 0
319 3 3 00000 0000002C 0
320 3 3 00001 00000000 0
321 3 3 00002 00000000 0
322 3 3 00003 00000000 0
323 1 2 00000 00000000 0
324 0 3 00000 0000000C 0
325 0 3 00001 00000000 0
326 0 3 00002 00000000 0
327 0 3 00003 00000000 0
328 2 2 00000 00000000 0
329 1 3 00000 00000018 0
330 1 3 00001 00000000 0
331 1 3 00002 00000000 0
332 1 3 00003 00000000 0
333 3 2 00000 00000000 0
334 2 3 00000 00000024 0
335 2 3 00001 00000000 0
336 2 3 00002 00000000 0
337 2 3 00003 00000000 0
338 0 2 00000 00000000 0
339 3 3 00000 00000030 0
340 3 3 00001 00000000 0
341 3 3 00002 00000000 0
342 3 3 00003 00000000 0
343 1 2 00000 00000000 0
344 0 3 00000 0000000D 0
345 0 3 00001 00000000 0
346 0 3 00002 00000000 0
347 0 3 00003 00000000 0
348 2 2 00000 00000000 0
349 1 3 00000 0000001A 0
350 1 3 00001 00000000 0
351 1 3 00002 00000000 0
352 1 3 00003 00000000 0
353 3 2 00000 00000000 0
354 2 3 00000 00000027 0
355 2 3 00001 00000000 0
356 2 3 00002 00000000 0
357 2 3 00003 00000000 0
358 0 2 00000 00000000 0
359 3 3 00000 00000034 0
360 3 3 00001 00000000 0
361 3 3 00002 00000000 0
362 3 3 00003 00000000 0
363 1 2 00000 00000000 0
364 0 3 00000 0000000E 0
365 0 3 00001 00000000 0
366 0 3 00002 00000000 0
367 0 3 00003 00000000 0
368 2 2 00000 00000000 0
369 1 3 00000 0000001C 0
370 1 3 00001 00000000 0
371 1 3 00002 00000000 0
372 1 3 00003 00000000 0
373 3 2 00000 00000000 0
374 2 3 00000 0000002A 0
375 2 3 00001 00000000 0
376 2 3 00002 00000000 0
377 2 3 00003 00000000 0
378 0 2 00000 00000000 0
379 3 3 00000 00000038 0
380 3 3 00001 00000000 0
381 3 3 00002 00000000 0
382 3 3 00003 00000000 0
383 1 2 00000 00000000 0
384 0 3 00000 0000000F 0
385 0 3 00001 00000000 0
386 0 3 00002 00000000 0
387 0 3 00003 00000000 0
388 2 2 00000 00000000 0
389 1 3 00000 0000001E 0
390 1 3 00001 00000000 0
391 1 3 00002 00000000 0
392 1 3 00003 00000000 0
393 3 2 00000 00000000 0
394 2 3 00000 0000002D 0
395 2 3 00001 00000000 0
396 2 3 00002 00000000 0
397 2 3 00003 00000000 0
398 0 2 00000 00000000 0
399 3 3 00000 0000003C 0
400 3 3 00001 00000000 0
401 3 3 00002 00000000 0
402 3 3 00003 00000000 0
403 1 2 00000 00000000 0
404 0 3 00000 00000010 0
405 0 3 00001 00000000 0
406 0 3 00002 00000000 0
407 0 3 00003 00000000 0
408 2 2 00000 00000000 0
409 1 3 00000 00000020 0
410 1 3 00001 00000000 0
411 1 3 00002 00000000 0
412 1 3 00003 00000000 0
413 3 2 00000 00000000 0
414 2 3 00000 00000030 0
415 2 3 00001 00000000 0
416 2 3 00002 00000000 0
417 2 3 00003 00000000 0
418 0 2 00000 00000000 0
419 3 3 00000 00000040 0
420 3 3 00001 00000000 0
421 3 3 00002 00000000 0
422 3 3 00003 00000000 0
423 1 2 00000 00000000 0
424 0 3 00000 00000011 0
425 0 3 00001 00000000 0
426 0 3 00002 00000000 0
427 0 3 00003 00000000 0
428 2 2 00000 00000000 0
429 1 3 00000 00000022 0
430 1 3 00001 00000000 0
431 1 3 00002 00000000 0
432 1 3 00003 00000000 0
433 3 2 00000 00000000 0
434 2 3 00000 00000033 0
435 2 3 00001 00000000 0
436 2 3 00002 00000000 0
437 2 3 00003 00000000 0
438 0 2 00000 00000000 0
439 3 3 00000 00000044 0
440 3 3 00001 00000000 0
441 3 3 00002 00000000 0
442 3 3 00003 00000000 0
443 1 2 00000 00000000 0
444 0 3 00000 00000012 0
445 0 3 00001 00000000 0
446 0 3 00002 00000000 0
447 0 3 00003 00000000 0
448 2 2 00000 00000000 0
449 1 3 00000 00000024 0
450 1 3 00001 00000000 0
451 1 3 00002 00000000 0
452 1 3 00003 00000000 0
453 3 2 00000 00000000 0
454 2 3 00000 00000036 0
455 2 3 00001 00000000 0
456 2 3 00002 00000000 0
457 2 3 00003 00000000 0
458 0 2 00000 00000000 0
459 3 3 00000 00000048 0
460 3 3 00001 00000000 0
461 3 3 00002 00000000 0
462 3 3 00003 00000000 0
463 1 2 00000 00000000 0
464 0 3 00000 00000013 0
465 0 3 00001 00000000 0
466 0 3 00002 00000000 0
467 0 3 00003 00000000 0
468 2 2 00000 00000000 0
469 1 3 00000 00000026 0
470 1 3 00001 00000000 0
471 1 3 00002 00000000 0
472 1 3 00003 00000000 0
473 3 2 00000 00000000 0
474 2 3 00000 00000039 0
475 2 3 00001 00000000 0
476 2 3 00002 00000000 0
477 2 3 00003 00000000 0
478 0 2 00000 00000000 0
479 3 3 00000 0000004C 0
480 3 3 00001 00000000 0
481 3 3 00002 00000000 0
482 3 3 00003 00000000 0
483 1 2 00000 00000000 0
484 0 3 00000 00000014 0
485 0 3 00001 00000000 0
486 0 3 00002 00000000 0
487 0 3 00003 00000000 0
488 2 2 00000 00000000 0
489 1 3 00000 00000028 0
490 1 3 00001 00000000 0
491 1 3 00002 00000000 0
492 1 3 00003 00000000 0
493 3 2 00000 00000000 0
494 2 3 00000 0000003C 0
495 2 3 00001 00000000 0
496 2 3 00002 00000000 0
497 2 3 00003 00000000 0
498 0 2 00000 00000000 0
499 3 3 00000 00000050 0
500 3 3 00001 00000000 0
501 3 3 00002 00000000 0
502 3 3 00003 00000000 0
503 1 2 00000 00000000 0
504 0 3 00000 00000015 0
505 0 3 00001 00000000 0
506 0 3 00002 00000000 0
507 0 3 00003 00000000 0
508 2 2 00000 00000000 0
509 1 3 00000 0000002A 0
510 1 3 00001 00000000 0
511 1 3 00002 00000000 0
512 1 3 00003 00000000 0
513 3 2 00000 00000000 0
514 2 3 00000 0000003F 0
515 2 3 00001 00000000 0
516 2 3 00002 00000000 0
517 2 3 00003 00000000 0
518 0 2 00000 00000000 0
519 3 3 00000 00000054 0
520 3 3 00001 00000000 0
521 3 3 00002 00000000 0
522 3 3 00003 00000000 0
523 1 2 00000 00000000 0
524 0 3 00000 00000016 0
525 0 3 00001 00000000 0
526 0 3 00002 00000000 0
527 0 3 00003 00000000 0
528 2 2 00000 00000000 0
529 1 3 00000 0000002C 0
530 1 3 00001 00000000 0
531 1 3 00002 00000000 0
532 1 3 00003 00000000 0
533 3 2 00000 00000000 0
534 2 3 00000 00000042 0
535 2 3 00001 00000000 0
536 2 3 00002 00000000 0
537 2 3 00003 00000000 0
538 0 2 00000 00000000 0
539 3 3 00000 00000058 0
540 3 3 00001 00000000 0
541 3 3 00002 00000000 0
542 3 3 00003 00000000 0
543 1 2 00000 00000000 0
544 0 3 00000 00000017 0
545 0 3 00001 00000000 0
546 0 3 00002 00000000 0
547 0 3 00003 00000000 0
548 2 2 00000 00000000 0
549 1 3 00000 0000002E 0
550 1 3 00001 00000000 0
551 1 3 00002 00000000 0
552 1 3 00003 00000000 0
553 3 2 00000 00000000 0
554 2 3 00000 00000045 0
555 2 3 00001 00000000 0
556 2 3 00002 00000000 0
557 2 3 00003 00000000 0
558 0 2 00000 00000000 0
559 3 3 00000 0000005C 0
560 3 3 00001 00000000 0
561 3 3 00002 00000000 0
562 3 3 00003 00000000 0
563 1 2 00000 00000000 0
564 0 3 00000 00000018 0
565 0 3 00001 00000000 0
566 0 3 00002 00000000 0
567 0 3 00003 00000000 0
568 2 2 00000 00000000 0
569 1 3 00000 00000030 0
570 1 3 00001 00000000 0
571 1 3 00002 00000000 0
572 1 3 00003 00000000 0
573 3 2 00000 00000000 0
574 2 3 00000 00000048 0
575 2 3 00001 00000000 0
576 2 3 00002 00000000 0
577 2 3 00003 00000000 0
578 0 2 00000 00000000 0
579 3 3 00000 00000060 0
580 3 3 00001 00000000 0
581 3 3 00002 00000000 0
582 3 3 00003 00000000 0
583 1 2 00000 00000000 0
584 0 3 00000 00000019 0
585 0 3 00001 00000000 0
586 0 3 00002 00000000 0
587 0 3 00003 00000000 0
588 2 2 00000 00000000 0
589 1 3 00000 00000032 0
590 1 3 00001 00000000 0
591 1 3 00002 00000000 0
592 1 3 00003 00000000 0
593 3 2 00000 00000000 0
594 2 3 00000 0000004B 0
595 2 3 00001 00000000 0
596 2 3 00002 00000000 0
597 2 3 00003 00000000 0
598 0 2 00000 00000000 0
599 3 3 00000 00000064 0
600 3 3 00001 00000000 0
601 3 3 00002 00000000 0
602 3 3 00003 00000000 0
603 1 2 00000 00000000 0
604 0 3 00000 0000001A 0
605 0 3 00001 00000000 0
606 0 3 00002 00000000 0
607 0 3 00003 00000000 0
608 2 2 00000 00000000 0
609 1 3 00000 00000034 0
610 1 3 00001 00000000 0
611 1 3 00002 00000000 0
612 1 3 00003 00000000 0
613 3 2 00000 00000000 0
614 2 3 00000 0000004E 0
615 2 3 00001 00000000 0
616 2 3 00002 00000000 0
617 2 3 00003 00000000 0
618 0 2 00000 00000000 0
619 3 3 00000 00000068 0
620 3 3 00001 00000000 0
621 3 3 00002 00000000 0
622 3 3 00003 00000000 0
623 1 2 00000 00000000 0
624 0 3 00000 0000001B 0
625 0 3 00001 00000000 0
626 0 3 00002 00000000 0
627 0 3 00003 00000000 0
628 2 2 00000 00000000 0
629 1 3 00000 00000036 0
630 1 3 00001 00000000 0
631 1 3 00002 00000000 0
632 1 3 00003 00000000 0
633 3 2 00000 00000000 0
634 2 3 00000 00000051 0
635 2 3 00001 00000000 0
636 2 3 00002 00000000 0
637 2 3 00003 00000000 0
638 0 2 00000 00000000 0
639 3 3 00000 0000006C 0
640 3 3 00001 00000000 0
641 3 3 00002 00000000 0
642 3 3 00003 00000000 0
643 1 2 00000 00000000 0
644 0 3 00000 0000001C 0
645 0 3 00001 00000000 0
646 0 3 00002 00000000 0
647 0 3 00003 00000000 0
648 2 2 00000 00000000 0
649 1 3 00000 00000038 0
650 1 3 00001 00000000 0
651 1 3 00002 00000000 0
652 1 3 00003 00000000 0
653 3 2 00000 00000000 0
654 2 3 00000 00000054 0
655 2 3 00001 00000000 0
656 2 3 00002 00000000 0
657 2 3 00003 00000000 0
658 0 2 00000 00000000 0
659 3 3 00000 00000070 0
660 3 3 00001 00000000 0
661 3 3 00002 00000000 0
662 3 3 00003 00000000 0
663 1 2 00000 00000000 0
664 0 3 00000 0000001D 0
665 0 3 00001 00000000 0
666 0 3 00002 00000000 0
667 0 3 00003 00000000 0
668 2 2 00000 00000000 0
669 1 3 00000 0000003A 0
670 1 3 00001 00000000 0
671 1 3 00002 00000000 0
672 1 3 00003 00000000 0
673 3 2 00000 00000000 0
674 2 3 00000 00000057 0
675 2 3 00001 00000000 0
676 2 3 00002 00000000 0
677 2 3 00003 00000000 0
678 0 2 00000 00000000 0
679 3 3 00000 00000074 0
680 3 3 00001 00000000 0
681 3 3 00002 00000000 0
682 3 3 00003 00000000 0
683 1 2 00000 00000000 0
684 0 3 00000 0000001E 0
685 0 3 00001 00000000 0
686 0 3 00002 00000000 0
687 0 3 00003 00000000 0
688 2 2 00000 00000000 0
689 1 3 00000 0000003C 0
690 1 3 00001 00000000 0
691 1 3 00002 00000000 0
692 1 3 00003 00000000 0
693 3 2 00000 00000000 0
694 2 3 00000 0000005A 0
695 2 3 00001 00000000 0
696 2 3 00002 00000000 0
697 2 3 00003 00000000 0
698 0 2 00000 00000000 0
699 3 3 00000 00000078 0
700 3 3 00001 00000000 0
701 3 3 00002 00000000 0
702 3 3 00003 00000000 0
703 1 2 00000 00000000 0
704 0 3 00000 0000001F 0
705 0 3 00001 00000000 0
706 0 3 00002 00000000 0
707 0 3 00003 00000000 0
708 2 2 00000 00000000 0
709 1 3 00000 0000003E 0
710 1 3 00001 00000000 0
711 1 3 00002 00000000 0
712 1 3 00003 00000000 0
713 3 2 00000 00000000 0
714 2 3 00000 0000005D 0
715 2 3 00001 00000000 0
716 2 3 00002 00000000 0
717 2 3 00003 00000000 0
718 0 2 00000 00000000 0
719 3 3 00000 0000007C 0
720 3 3 00001 00000000 0
721 3 3 00002 00000000 0
722 3 3 00003 00000000 0
723 1 2 00000 00000000 0
724 0 3 00000 00000020 0
725 0 3 00001 00000000 0
726 0 3 00002 00000000 0
727 0 3 00003 00000000 0
728 2 2 00000 00000000 0
729 1 3 00000 00000040 0
730 1 3 00001 00000000 0
731 1 3 00002 00000000 0
732 1 3 00003 00000000 0
733 3 2 00000 00000000 0
734 2 3 00000 00000060 0
735 2 3 00001 00000000 0
736 2 3 00002 00000000 0
737 2 3 00003 00000000 0
738 0 2 00000 00000000 0
739 3 3 00000 00000080 0
740 3 3 00001 00000000 0
741 3 3 00002 00000000 0
742 3 3 00003 00000000 0
743 1 2 00000 00000000 0
744 0 3 00000 00000021 0
745 0 3 00001 00000000 0
746 0 3 00002 00000000 0
747 0 3 00003 00000000 0
748 2 2 00000 00000000 0
749 1 3 00000 00000042 0
750 1 3 00001 00000000 0
751 1 3 00002 00000000 0
752 1 3 00003 00000000 0
753 3 2 00000 00000000 0
754 2 3 00000 00000063 0
755 2 3 00001 00000000 0
756 2 3 00002 00000000 0
757 2 3 00003 00000000 0
758 0 2 00000 00000000 0
759 3 3 00000 00000084 0
760 3 3 00001 00000000 0
761 3 3 00002 00000000 0
762 3 3 00003 00000000 0
763 1 2 00000 00000000 0
764 0 3 00000 00000022 0
765 0 3 00001 00000000 0
766 0 3 00002 00000000 0
767 0 3 00003 00000000 0
768 2 2 00000 00000000 0
769 1 3 00000 00000044 0
770 1 3 00001 00000000 0
771 1 3 00002 00000000 0
772 1 3 00003 00000000 0
773 3 2 00000 00000000 0
774 2 3 00000 00000066 0
775 2 3 00001 00000000 0
776 2 3 00002 00000000 0
777 2 3 00003 00000000 0
778 0 2 00000 00000000 0
779 3 3 00000 00000088 0
780 3 3 00001 00000000 0
781 3 3 00002 00000000 0
782 3 3 00003 00000000 0
783 1 2 00000 00000000 0
784 0 3 00000 00000023 0
785 0 3 00001 00000000 0
786 0 3 00002 00000000 0
787 0 3 00003 00000000 0
788 2 2 00000 00000000 0
789 1 3 00000 00000046 0
790 1 3 00001 00000000 0
791 1 3 00002 00000000 0
792 1 3 00003 00000000 0
793 3 2 00000 00000000 0
794 2 3 00000 00000069 0
795 2 3 00001 00000000 0
796 2 3 00002 00000000 0
797 2 3 00003 00000000 0
798 0 2 00000 00000000 0
799 3 3 00000 0000008C 0
800 3 3 00001 00000000 0
801 3 3 00002 00000000 0
802 3 3 00003 00000000 0
803 1 2 00000 00000000 0
804 0 3 00000 00000024 0
805 0 3 00001 00000000 0
806 0 3 00002 00000000 0
807 0 3 00003 00000000 0
808 2 2 00000 00000000 0
809 1 3 00000 00000048 0
810 1 3 00001 00000000 0
811 1 3 00002 00000000 0
812 1 3 00003 00000000 0
813 3 2 00000 00000000 0
814 2 3 00000 0000006C 0
815 2 3 00001 00000000 0
816 2 3 00002 00000000 0
817 2 3 00003 00000000 0
818 0 2 00000 00000000 0
819 3 3 00000 00000090 0
820 3 3 00001 00000000 0
821 3 3 00002 00000000 0
822 3 3 00003 00000000 0
823 1 2 00000 00000000 0
824 0 3 00000 00000025 0
825 0 3 00001 00000000 0
826 0 3 00002 00000000 0
827 0 3 00003 00000000 0
828 2 2 00000 00000000 0
829 1 3 00000 0000004A 0
830 1 3 00001 00000000 0
831 1 3 00002 00000000 0
832 1 3 00003 00000000 0
833 3 2 00000 00000000 0
834 2 3 00000 0000006F 0
835 2 3 00001 00000000 0
836 2 3 00002 00000000 0
837 2 3 00003 00000000 0
838 0 2 00000 00000000 0
839 3 3 00000 00000094 0
840 3 3 00001 00000000 0
841 3 3 00002 00000000 0
842 3 3 00003 00000000 0
843 1 2 00000 00000000 0
844 0 3 00000 00000026 0
845 0 3 00001 00000000 0
846 0 3 00002 00000000 0
847 0 3 00003 00000000 0
848 2 2 00000 00000000 0
849 1 3 00000 0000004C 0
850 1 3 00001 00000000 0
851 1 3 00002 00000000 0
852 1 3 00003 00000000 0
853 3 2 00000 00000000 0
854 2 3 00000 00000072 0
855 2 3 00001 00000000 0
856 2 3 00002 00000000 0
857 2 3 00003 00000000 0
858 0 2 00000 00000000 0
859 3 3 00000 00000098 0
860 3 3 00001 00000000 0
861 3 3 00002 00000000 0
862 3 3 00003 00000000 0
863 1 2 00000 00000000 0
864 0 3 00000 00000027 0
865 0 3 00001 00000000 0
866 0 3 00002 00000000 0
867 0 3 00003 00000000 0
868 2 2 00000 00000000 0
869 1 3 00000 0000004E 0
870 1 3 00001 00000000 0
871 1 3 00002 00000000 0
872 1 3 00003 00000000 0
873 3 2 00000 00000000 0
874 2 3 00000 00000075 0
875 2 3 00001 00000000 0
876 2 3 00002 00000000 0
877 2 3 00003 00000000 0
878 0 2 00000 00000000 0
879 3 3 00000 0000009C 0
880 3 3 00001 00000000 0
881 3 3 00002 00000000 0
882 3 3 00003 00000000 0
883 1 2 00000 00000000 0
884 0 3 00000 00000028 0
885 0 3 00001 00000000 0
886 0 3 00002 00000000 0
887 0 3 00003 00000000 0
888 2 2 00000 00000000 0
889 1 3 00000 00000050 0
890 1 3 00001 00000000 0
891 1 3 00002 00000000 0
892 1 3 00003 00000000 0
893 3 2 00000 00000000 0
894 2 3 00000 00000078 0
895 2 3 00001 00000000 0
896 2 3 00002 00000000 0
897 2 3 00003 00000000 0
898 0 2 00000 00000000 0
899 3 3 00000 000000A0 0
900 3 3 00001 00000000 0
901 3 3 00002 00000000 0
902 3 3 00003 00000000 0
903 1 2 00000 00000000 0
904 0 3 00000 00000029 0
905 0 3 00001 00000000 0
906 0 3 00002 00000000 0
907 0 3 00003 00000000 0
908 2 2 00000 00000000 0
909 1 3 00000 00000052 0
910 1 3 00001 00000000 0
911 1 3 00002 00000000 0
912 1 3 00003 00000000 0
913 3 2 00000 00000000 0
914 2 3 00000 0000007B 0
915 2 3 00001 00000000 0
916 2 3 00002 00000000 0
917 2 3 00003 00000000 0
918 0 2 00000 00000000 0
919 3 3 00000 000000A4 0
920 3 3 00001 00000000 0
921 3 3 00002 00000000 0
922 3 3 00003 00000000 0
923 1 2 00000 00000000 0
924 0 3 00000 0000002A 0
925 0 3 00001 00000000 0
926 0 3 00002 00000000 0
927 0 3 00003 00000000 0
928 2 2 00000 00000000 0
929 1 3 00000 00000054 0
930 1 3 00001 00000000 0
931 1 3 00002 00000000 0
932 1 3 00003 00000000 0
933 3 2 00000 00000000 0
934 2 3 00000 0000007E 0
935 2 3 00001 00000000 0
936 2 3 00002 00000000 0
937 2 3 00003 00000000 0
938 0 2 00000 00000000 0
939 3 3 00000 000000A8 0
940 3 3 00001 00000000 0
941 3 3 00002 00000000 0
942 3 3 00003 00000000 0
943 1 2 00000 00000000 0
944 0 3 00000 0000002B 0
945 0 3 00001 00000000 0
946 0 3 00002 00000000 0
947 0 3 00003 00000000 0
948 2 2 00000 00000000 0
949 1 3 00000 00000056 0
950 1 3 00001 00000000 0
951 1 3 00002 00000000 0
952 1 3 00003 00000000 0
953 3 2 00000 00000000 0
954 2 3 00000 00000081 0
955 2 3 00001 00000000 0
956 2 3 00002 00000000 0
957 2 3 00003 00000000 0
958 0 2 00000 00000000 0
959 3 3 00000 000000AC 0
960 3 3 00001 00000000 0
961 3 3 00002 00000000 0
962 3 3 00003 00000000 0
963 1 2 00000 00000000 0
964 0 3 00000 0000002C 0
965 0 3 00001 00000000 0
966 0 3 00002 00000000 0
967 0 3 00003 00000000 0
968 2 2 00000 00000000 0
969 1 3 00000 00000058 0
970 1 3 00001 00000000 0
971 1 3 00002 00000000 0
972 1 3 00003 00000000 0
973 3 2 00000 00000000 0
974 2 3 00000 00000084 0
975 2 3 00001 00000000 0
976 2 3 00002 00000000 0
977 2 3 00003 00000000 0
978 0 2 00000 00000000 0
979 3 3 00000 000000B0 0
980 3 3 00001 00000000 0
981 3 3 00002 00000000 0
982 3 3 00003 00000000 0
983 1 2 00000 00000000 0
984 0 3 00000 0000002D 0
985 0 3 00001 00000000 0
986 0 3 00002 00000000 0
987 0 3 00003 00000000 0
988 2 2 00000 00000000 0
989 1 3 00000 0000005A 0
990 1 3 00001 00000000 0
991 1 3 00002 00000000 0
992 1 3 00003 00000000 0
993 3 2 00000 00000000 0
994 2 3 00000 00000087 0
995 2 3 00001 00000000 0
996 2 3 00002 00000000 0
997 2 3 00003 00000000 0
998 0 2 00000 00000000 0
999 3 3 00000 000000B4 0
1000 3 3 00001 00000000 0
1001 3 3 00002 00000000 0
1002 3 3 00003 00000000 0
1003 1 2 00000 00000000 0
1004 0 3 00000 0000002E 0
1005 0 3 00001 00000000 0
1006 0 3 00002 00000000 0
1007 0 3 00003 00000000 0
1008 2 2 00000 00000000 0
1009 1 3 00000 0000005C 0
1010 1 3 00001 00000000 0
1011 1 3 00002 00000000 0
1012 1 3 00003 00000000 0
1013 3 2 00000 00000000 0
1014 2 3 00000 0000008A 0
1015 2 3 00001 00000000 0
1016 2 3 00002 00000000 0
1017 2 3 00003 00000000 0
1018 0 2 00000 00000000 0
1019 3 3 00000 000000B8 0
1020 3 3 00001 00000000 0
1021 3 3 00002 00000000 0
1022 3 3 00003 00000000 0
1023 1 2 00000 00000000 0
1024 0 3 00000 0000002F 0
1025 0 3 00001 00000000 0
1026 0 3 00002 00000000 0
1027 0 3 00003 00000000 0
1028 2 2 00000 00000000 0
1029 1 3 00000 0000005E 0
1030 1 3 00001 00000000 0
1031 1 3 00002 00000000 0
1032 1 3 00003 00000000 0
1033 3 2 00000 00000000 0
1034 2 3 00000 0000008D 0
1035 2 3 00001 00000000 0
1036 2 3 00002 00000000 0
1037 2 3 00003 00000000 0
1038 0 2 00000 00000000 0
1039 3 3 00000 000000BC 0
1040 3 3 00001 00000000 0
1041 3 3 00002 00000000 0
1042 3 3 00003 00000000 0
1043 1 2 00000 00000000 0
1044 0 3 00000 00000030 0
1045 0 3 00001 00000000 0
1046 0 3 00002 00000000 0
1047 0 3 00003 00000000 0
1048 2 2 00000 00000000 0
1049 1 3 00000 00000060 0
1050 1 3 00001 00000000 0
1051 1 3 00002 00000000 0
1052 1 3 00003 00000000 0
1053 3 2 00000 00000000 0
1054 2 3 00000 00000090 0
1055 2 3 00001 00000000 0
1056 2 3 00002 00000000 0
1057 2 3 00003 00000000 0
1058 0 2 00000 00000000 0
1059 3 3 00000 000000C0 0
1060 3 3 00001 00000000 0
1061 3 3 00002 00000000 0
1062 3 3 00003 00000000 0
1063 1 2 00000 00000000 0
1064 0 3 00000 00000031 0
1065 0 3 00001 00000000 0
1066 0 3 00002 00000000 0
1067 0 3 00003 00000000 0
1068 2 2 00000 00000000 0
1069 1 3 00000 00000062 0
1070 1 3 00001 00000000 0
1071 1 3 00002 00000000 0
1072 1 3 00003 00000000 0
1073 3 2 00000 00000000 0
1074 2 3 00000 00000093 0
1075 2 3 00001 00000000 0
1076 2 3 00002 00000000 0
1077 2 3 00003 00000000 0
1078 0 2 00000 00000000 0
1079 3 3 00000 000000C4 0
1080 3 3 00001 00000000 0
1081 3 3 00002 00000000 0
1082 3 3 00003 00000000 0
1083 1 2 00000 00000000 0
1084 0 3 00000 00000032 0
1085 0 3 00001 00000000 0
1086 0 3 00002 00000000 0
1087 0 3 00003 00000000 0
1088 2 2 00000 00000000 0
1089 1 3 00000 00000064 0
1090 1 3 00001 00000000 0
1091 1 3 00002 00000000 0
1092 1 3 00003 00000000 0
1093 3 2 00000 00000000 0
1094 2 3 00000 00000096 0
1095 2 3 00001 00000000 0
1096 2 3 00002 00000000 0
1097 2 3 00003 00000000 0
1098 0 2 00000 00000000 0
1099 3 3 00000 000000C8 0
1100 3 3 00001 00000000 0
1101 3 3 00002 00000000 0
1102 3 3 00003 00000000 0
1103 1 2 00000 00000000 0
1104 0 3 00000 00000033 0
1105 0 3 00001 00000000 0
1106 0 3 00002 00000000 0
1107 0 3 00003 00000000 0
1108 2 2 00000 00000000 0
1109 1 3 00000 00000066 0
1110 1 3 00001 00000000 0
1111 1 3 00002 00000000 0
1112 1 3 00003 00000000 0
1113 3 2 00000 00000000 0
1114 2 3 00000 00000099 0
1115 2 3 00001 00000000 0
1116 2 3 00002 00000000 0
1117 2 3 00003 00000000 0
1118 0 2 00000 00000000 0
1119 3 3 00000 000000CC 0
1120 3 3 00001 00000000 0
1121 3 3 00002 00000000 0
1122 3 3 00003 00000000 0
1123 1 2 00000 00000000 0
1124 0 3 00000 00000034 0
1125 0 3 00001 00000000 0
1126 0 3 00002 00000000 0
1127 0 3 00003 00000000 0
1128 2 2 00000 00000000 0
1129 1 3 00000 00000068 0
1130 1 3 00001 00000000 0
1131 1 3 00002 00000000 0
1132 1 3 00003 00000000 0
1133 3 2 00000 00000000 0
1134 2 3 00000 0000009C 0
1135 2 3 00001 00000000 0
1136 2 3 00002 00000000 0
1137 2 3 00003 00000000 0
1138 0 2 00000 00000000 0
1139 3 3 00000 000000D0 0
1140 3 3 00001 00000000 0
1141 3 3 00002 00000000 0
1142 3 3 00003 00000000 0
1143 1 2 00000 00000000 0
1144 0 3 00000 00000035 0
1145 0 3 00001 00000000 0
1146 0 3 00002 00000000 0
1147 0 3 00003 00000000 0
1148 2 2 00000 00000000 0
1149 1 3 00000 0000006A 0
1150 1 3 00001 00000000 0
1151 1 3 00002 00000000 0
1152 1 3 00003 00000000 0
1153 3 2 00000 00000000 0
1154 2 3 00000 0000009F 0
1155 2 3 00001 00000000 0
1156 2 3 00002 00000000 0
1157 2 3 00003 00000000 0
1158 0 2 00000 00000000 0
1159 3 3 00000 000000D4 0
1160 3 3 00001 00000000 0
1161 3 3 00002 00000000 0
1162 3 3 00003 00000000 0
1163 1 2 00000 00000000 0
1164 0 3 00000 00000036 0
1165 0 3 00001 00000000 0
1166 0 3 00002 00000000 0
1167 0 3 00003 00000000 0
1168 2 2 00000 00000000 0
1169 1 3 00000 0000006C 0
1170 1 3 00001 00000000 0
1171 1 3 00002 00000000 0
1172 1 3 00003 00000000 0
1173 3 2 00000 00000000 0
1174 2 3 00000 000000A2 0
1175 2 3 00001 00000000 0
1176 2 3 00002 00000000 0
1177 2 3 00003 00000000 0
1178 0 2 00000 00000000 0
1179 3 3 00000 000000D8 0
1180 3 3 00001 00000000 0
1181 3 3 00002 00000000 0
1182 3 3 00003 00000000 0
1183 1 2 00000 00000000 0
1184 0 3 00000 00000037 0
1185 0 3 00001 00000000 0
1186 0 3 00002 00000000 0
1187 0 3 00003 00000000 0
1188 2 2 00000 00000000 0
1189 1 3 00000 0000006E 0
1190 1 3 00001 00000000 0
1191 1 3 00002 00000000 0
1192 1 3 00003 00000000 0
1193 3 2 00000 00000000 0
1194 2 3 00000 000000A5 0
1195 2 3 00001 00000000 0
1196 2 3 00002 00000000 0
1197 2 3 00003 00000000 0
1198 0 2 00000 00000000 0
1199 3 3 00000 000000DC 0
1200 3 3 00001 00000000 0
1201 3 3 00002 00000000 0
1202 3 3 00003 00000000 0
1203 1 2 00000 00000000 0
1204 0 3 00000 00000038 0
1205 0 3 00001 00000000 0
1206 0 3 00002 00000000 0
1207 0 3 00003 00000000 0
1208 2 2 00000 00000000 0
1209 1 3 00000 00000070 0
1210 1 3 00001 00000000 0
1211 1 3 00002 00000000 0
1212 1 3 00003 00000000 0
1213 3 2 00000 00000000 0
1214 2 3 00000 000000A8 0
1215 2 3 00001 00000000 0
1216 2 3 00002 00000000 0
1217 2 3 00003 00000000 0
1218 0 2 00000 00000000 0
1219 3 3 00000 000000E0 0
1220 3 3 00001 00000000 0
1221 3 3 00002 00000000 0
1222 3 3 00003 00000000 0
1223 1 2 00000 00000000 0
1224 0 3 00000 00000039 0
1225 0 3 00001 00000000 0
1226 0 3 00002 00000000 0
1227 0 3 00003 00000000 0
1228 2 2 00000 00000000 0
1229 1 3 00000 00000072 0
1230 1 3 00001 00000000 0
1231 1 3 00002 00000000 0
1232 1 3 00003 00000000 0
1233 3 2 00000 00000000 0
1234 2 3 00000 000000AB 0
1235 2 3 00001 00000000 0
1236 2 3 00002 00000000 0
1237 2 3 00003 00000000 0
1238 0 2 00000 00000000 0
1239 3 3 00000 000000E4 0
1240 3 3 00001 00000000 0
1241 3 3 00002 00000000 0
1242 3 3 00003 00000000 0
1243 1 2 00000 00000000 0
1244 0 3 00000 0000003A 0
1245 0 3 00001 00000000 0
1246 0 3 00002 00000000 0
1247 0 3 00003 00000000 0
1248 2 2 00000 00000000 0
1249 1 3 00000 00000074 0
1250 1 3 00001 00000000 0
1251 1 3 00002 00000000 0
1252 1 3 00003 00000000 0
1253 3 2 00000 00000000 0
1254 2 3 00000 000000AE 0
1255 2 3 00001 00000000 0
1256 2 3 00002 00000000 0
1257 2 3 00003 00000000 0
1258 0 2 00000 00000000 0
1259 3 3 00000 000000E8 0
1260 3 3 00001 00000000 0
1261 3 3 00002 00000000 0
1262 3 3 00003 00000000 0
1263 1 2 00000 00000000 0
1264 0 3 00000 0000003B 0
1265 0 3 00001 00000000 0
1266 0 3 00002 00000000 0
1267 0 3 00003 00000000 0
1268 2 2 00000 00000000 0
1269 1 3 00000 00000076 0
1270 1 3 00001 00000000 0
1271 1 3 00002 00000000 0
1272 1 3 00003 00000000 0
1273 3 2 00000 00000000 0
1274 2 3 00000 000000B1 0
1275 2 3 00001 00000000 0
1276 2 3 00002 00000000 0
1277 2 3 00003 00000000 0
1278 0 2 00000 00000000 0
1279 3 3 00000 000000EC 0
1280 3 3 00001 00000000 0
1281 3 3 00002 00000000 0
1282 3 3 00003 00000000 0
1283 1 2 00000 00000000 0
1284 0 3 00000 0000003C 0
1285 0 3 00001 00000000 0
1286 0 3 00002 00000000 0
1287 0 3 00003 00000000 0
1288 2 2 00000 00000000 0
1289 1 3 00000 00000078 0
1290 1 3 00001 00000000 0
1291 1 3 00002 00000000 0
1292 1 3 00003 00000000 0
1293 3 2 00000 00000000 0
1294 2 3 00000 000000B4 0
1295 2 3 00001 00000000 0
1296 2 3 00002 00000000 0
1297 2 3 00003 00000000 0
1298 0 2 00000 00000000 0
1299 3 3 00000 000000F0 0
1300 3 3 00001 00000000 0
1301 3 3 00002 00000000 0
1302 3 3 00003 00000000 0
1303 1 2 00000 00000000 0
1304 0 3 00000 0000003D 0
1305 0 3 00001 00000000 0
1306 0 3 00002 00000000 0
1307 0 3 00003 00000000 0
1308 2 2 00000 00000000 0
1309 1 3 00000 0000007A 0
1310 1 3 00001 00000000 0
1311 1 3 00002 00000000 0
1312 1 3 00003 00000000 0
1313 3 2 00000 00000000 0
1314 2 3 00000 000000B7 0
1315 2 3 00001 00000000 0
1316 2 3 00002 00000000 0
1317 2 3 00003 00000000 0
1318 0 2 00000 00000000 0
1319 3 3 00000 000000F4 0
1320 3 3 00001 00000000 0
1321 3 3 00002 00000000 0
1322 3 3 00003 00000000 0
1323 1 2 00000 00000000 0
1324 0 3 00000 0000003E 0
1325 0 3 00001 00000000 0
1326 0 3 00002 00000000 0
1327 0 3 00003 00000000 0
1328 2 2 00000 00000000 0
1329 1 3 00000 0000007C 0
1330 1 3 00001 00000000 0
1331 1 3 00002 00000000 0
1332 1 3 00003 00000000 0
1333 3 2 00000 00000000 0
1334 2 3 00000 000000BA 0
1335 2 3 00001 00000000 0
1336 2 3 00002 00000000 0
1337 2 3 00003 00000000 0
1338 0 2 00000 00000000 0
1339 3 3 00000 000000F8 0
1340 3 3 00001 00000000 0
1341 3 3 00002 00000000 0
1342 3 3 00003 00000000 0
1343 1 2 00000 00000000 0
1344 0 3 00000 0000003F 0
1345 0 3 00001 00000000 0
1346 0 3 00002 00000000 0
1347 0 3 00003 00000000 0
1348 2 2 00000 00000000 0
1349 1 3 00000 0000007E 0
1350 1 3 00001 00000000 0
1351 1 3 00002 00000000 0
1352 1 3 00003 00000000 0
1353 3 2 00000 00000000 0
1354 2 3 00000 000000BD 0
1355 2 3 00001 00000000 0
1356 2 3 00002 00000000 0
1357 2 3 00003 00000000 0
1358 0 2 00000 00000000 0
1359 3 3 00000 000000FC 0
1360 3 3 00001 00000000 0
1361 3 3 00002 00000000 0
1362 3 3 00003 00000000 0
1363 1 2 00000 00000000 0
1364 0 3 00000 00000040 0
1365 0 3 00001 00000000 0
1366 0 3 00002 00000000 0
1367 0 3 00003 00000000 0
1368 2 2 00000 00000000 0
1369 1 3 00000 00000080 0
1370 1 3 00001 00000000 0
1371 1 3 00002 00000000 0
1372 1 3 00003 00000000 0
1373 3 2 00000 00000000 0
1374 2 3 00000 000000C0 0
1375 2 3 00001 00000000 0
1376 2 3 00002 00000000 0
1377 2 3 00003 00000000 0
1378 0 2 00000 00000000 0
1379 3 3 00000 00000100 0
1380 3 3 00001 00000000 0
1381 3 3 00002 00000000 0
1382 3 3 00003 00000000 0
1383 1 2 00000 00000000 0
1384 0 3 00000 00000041 0
1385 0 3 00001 00000000 0
1386 0 3 00002 00000000 0
1387 0 3 00003 00000000 0
1388 2 2 00000 00000000 0
1389 1 3 00000 00000082 0
1390 1 3 00001 00000000 0
1391 1 3 00002 00000000 0
1392 1 3 00003 00000000 0
1393 3 2 00000 00000000 0
1394 2 3 00000 000000C3 0
1395 2 3 00001 00000000 0
1396 2 3 00002 00000000 0
1397 2 3 00003 00000000 0
1398 0 2 00000 00000000 0
1399 3 3 00000 00000104 0
1400 3 3 00001 00000000 0
1401 3 3 00002 00000000 0
1402 3 3 00003 00000000 0
1403 1 2 00000 00000000 0
1404 0 3 00000 00000042 0
1405 0 3 00001 00000000 0
1406 0 3 00002 00000000 0
1407 0 3 00003 00000000 0
1408 2 2 00000 00000000 0
1409 1 3 00000 00000084 0
1410 1 3 00001 00000000 0
1411 1 3 00002 00000000 0
1412 1 3 00003 00000000 0
1413 3 2 00000 00000000 0
1414 2 3 00000 000000C6 0
1415 2 3 00001 00000000 0
1416 2 3 00002 00000000 0
1417 2 3 00003 00000000 0
1418 0 2 00000 00000000 0
1419 3 3 00000 00000108 0
1420 3 3 00001 00000000 0
1421 3 3 00002 00000000 0
1422 3 3 00003 00000000 0
1423 1 2 00000 00000000 0
1424 0 3 00000 00000043 0
1425 0 3 00001 00000000 0
1426 0 3 00002 00000000 0
1427 0 3 00003 00000000 0
1428 2 2 00000 00000000 0
1429 1 3 00000 00000086 0
1430 1 3 00001 00000000 0
1431 1 3 00002 00000000 0
1432 1 3 00003 00000000 0
1433 3 2 00000 00000000 0
1434 2 3 00000 000000C9 0
1435 2 3 00001 00000000 0
1436 2 3 00002 00000000 0
1437 2 3 00003 00000000 0
1438 0 2 00000 00000000 0
1439 3 3 00000 0000010C 0
1440 3 3 00001 00000000 0
1441 3 3 00002 00000000 0
1442 3 3 00003 00000000 0
1443 1 2 00000 00000000 0
1444 0 3 00000 00000044 0
1445 0 3 00001 00000000 0
1446 0 3 00002 00000000 0
1447 0 3 00003 00000000 0
1448 2 2 00000 00000000 0
1449 1 3 00000 00000088 0
1450 1 3 00001 00000000 0
1451 1 3 00002 00000000 0
1452 1 3 00003 00000000 0
1453 3 2 00000 00000000 0
1454 2 3 00000 000000CC 0
1455 2 3 00001 00000000 0
1456 2 3 00002 00000000 0
1457 2 3 00003 00000000 0
1458 0 2 00000 00000000 0
1459 3 3 00000 00000110 0
1460 3 3 00001 00000000 0
1461 3 3 00002 00000000 0
1462 3 3 00003 00000000 0
1463 1 2 00000 00000000 0
1464 0 3 00000 00000045 0
1465 0 3 00001 00000000 0
1466 0 3 00002 00000000 0
1467 0 3 00003 00000000 0
1468 2 2 00000 00000000 0
1469 1 3 00000 0000008A 0
1470 1 3 00001 00000000 0
1471 1 3 00002 00000000 0
1472 1 3 00003 00000000 0
1473 3 2 00000 00000000 0
1474 2 3 00000 000000CF 0
1475 2 3 00001 00000000 0
1476 2 3 00002 00000000 0
1477 2 3 00003 00000000 0
1478 0 2 00000 00000000 0
1479 3 3 00000 00000114 0
1480 3 3 00001 00000000 0
1481 3 3 00002 00000000 0
1482 3 3 00003 00000000 0
1483 1 2 00000 00000000 0
1484 0 3 00000 00000046 0
1485 0 3 00001 00000000 0
1486 0 3 00002 00000000 0
1487 0 3 00003 00000000 0
1488 2 2 00000 00000000 0
1489 1 3 00000 0000008C 0
1490 1 3 00001 00000000 0
1491 1 3 00002 00000000 0
1492 1 3 00003 00000000 0
1493 3 2 00000 00000000 0
1494 2 3 00000 000000D2 0
1495 2 3 00001 00000000 0
1496 2 3 00002 00000000 0
1497 2 3 00003 00000000 0
1498 0 2 00000 00000000 0
1499 3 3 00000 00000118 0
1500 3 3 00001 00000000 0
1501 3 3 00002 00000000 0
1502 3 3 00003 00000000 0
1503 1 2 00000 00000000 0
1504 0 3 00000 00000047 0
1505 0 3 00001 00000000 0
1506 0 3 00002 00000000 0
1507 0 3 00003 00000000 0
1508 2 2 00000 00000000 0
1509 1 3 00000 0000008E 0
1510 1 3 00001 00000000 0
1511 1 3 00002 00000000 0
1512 1 3 00003 00000000 0
1513 3 2 00000 00000000 0
1514 2 3 00000 000000D5 0
1515 2 3 00001 00000000 0
1516 2 3 00002 00000000 0
1517 2 3 00003 00000000 0
1518 0 2 00000 00000000 0
1519 3 3 00000 0000011C 0
1520 3 3 00001 00000000 0
1521 3 3 00002 00000000 0
1522 3 3 00003 00000000 0
1523 1 2 00000 00000000 0
1524 0 3 00000 00000048 0
1525 0 3 00001 00000000 0
1526 0 3 00002 00000000 0
1527 0 3 00003 00000000 0
1528 2 2 00000 00000000 0
1529 1 3 00000 00000090 0
1530 1 3 00001 00000000 0
1531 1 3 00002 00000000 0
1532 1 3 00003 00000000 0
1533 3 2 00000 00000000 0
1534 2 3 00000 000000D8 0
1535 2 3 00001 00000000 0
1536 2 3 00002 00000000 0
1537 2 3 00003 00000000 0
1538 0 2 00000 00000000 0
1539 3 3 00000 00000120 0
1540 3 3 00001 00000000 0
1541 3 3 00002 00000000 0
1542 3 3 00003 00000000 0
1543 1 2 00000 00000000 0
1544 0 3 00000 00000049 0
1545 0 3 00001 00000000 0
1546 0 3 00002 00000000 0
1547 0 3 00003 00000000 0
1548 2 2 00000 00000000 0
1549 1 3 00000 00000092 0
1550 1 3 00001 00000000 0
1551 1 3 00002 00000000 0
1552 1 3 00003 00000000 0
1553 3 2 00000 00000000 0
1554 2 3 00000 000000DB 0
1555 2 3 00001 00000000 0
1556 2 3 00002 00000000 0
1557 2 3 00003 00000000 0
1558 0 2 00000 00000000 0
1559 3 3 00000 00000124 0
1560 3 3 00001 00000000 0
1561 3 3 00002 00000000 0
1562 3 3 00003 00000000 0
1563 1 2 00000 00000000 0
1564 0 3 00000 0000004A 0
1565 0 3 00001 00000000 0
1566 0 3 00002 00000000 0
1567 0 3 00003 00000000 0
1568 2 2 00000 00000000 0
1569 1 3 00000 00000094 0
1570 1 3 00001 00000000 0
1571 1 3 00002 00000000 0
1572 1 3 00003 00000000 0
1573 3 2 00000 00000000 0
1574 2 3 00000 000000DE 0
1575 2 3 00001 00000000 0
1576 2 3 00002 00000000 0
1577 2 3 00003 00000000 0
1578 0 2 00000 00000000 0
1579 3 3 00000 00000128 0
1580 3 3 00001 00000000 0
1581 3 3 00002 00000000 0
1582 3 3 00003 00000000 0
1583 1 2 00000 00000000 0
1584 0 3 00000 0000004B 0
1585 0 3 00001 00000000 0
1586 0 3 00002 00000000 0
1587 0 3 00003 00000000 0
1588 2 2 00000 00000000 0
1589 1 3 00000 00000096 0
1590 1 3 00001 00000000 0
1591 1 3 00002 00000000 0
1592 1 3 00003 00000000 0
1593 3 2 00000 00000000 0
1594 2 3 00000 000000E1 0
1595 2 3 00001 00000000 0
1596 2 3 00002 00000000 0
1597 2 3 00003 00000000 0
1598 0 2 00000 00000000 0
1599 3 3 00000 0000012C 0
1600 3 3 00001 00000000 0
1601 3 3 00002 00000000 0
1602 3 3 00003 00000000 0
1603 1 2 00000 00000000 0
1604 0 3 00000 0000004C 0
1605 0 3 00001 00000000 0
1606 0 3 00002 00000000 0
1607 0 3 00003 00000000 0
1608 2 2 00000 00000000 0
1609 1 3 00000 00000098 0
1610 1 3 00001 00000000 0
1611 1 3 00002 00000000 0
1612 1 3 00003 00000000 0
1613 3 2 00000 00000000 0
1614 2 3 00000 000000E4 0
1615 2 3 00001 00000000 0
1616 2 3 00002 00000000 0
1617 2 3 00003 00000000 0
1618 0 2 00000 00000000 0
1619 3 3 00000 00000130 0
1620 3 3 00001 00000000 0
1621 3 3 00002 00000000 0
1622 3 3 00003 00000000 0
1623 1 2 00000 00000000 0
1624 0 3 00000 0000004D 0
1625 0 3 00001 00000000 0
1626 0 3 00002 00000000 0
1627 0 3 00003 00000000 0
1628 2 2 00000 00000000 0
1629 1 3 00000 0000009A 0
1630 1 3 00001 00000000 0
1631 1 3 00002 00000000 0
1632 1 3 00003 00000000 0
1633 3 2 00000 00000000 0
1634 2 3 00000 000000E7 0
1635 2 3 00001 00000000 0
1636 2 3 00002 00000000 0
1637 2 3 00003 00000000 0
1638 0 2 00000 00000000 0
1639 3 3 00000 00000134 0
1640 3 3 00001 00000000 0
1641 3 3 00002 00000000 0
1642 3 3 00003 00000000 0
1643 1 2 00000 00000000 0
1644 0 3 00000 0000004E 0
1645 0 3 00001 00000000 0
1646 0 3 00002 00000000 0
1647 0 3 00003 00000000 0
1648 2 2 00000 00000000 0
1649 1 3 00000 0000009C 0
1650 1 3 00001 00000000 0
1651 1 3 00002 00000000 0
1652 1 3 00003 00000000 0
1653 3 2 00000 00000000 0
1654 2 3 00000 000000EA 0
1655 2 3 00001 00000000 0
1656 2 3 00002 00000000 0
1657 2 3 00003 00000000 0
1658 0 2 00000 00000000 0
1659 3 3 00000 00000138 0
1660 3 3 00001 00000000 0
1661 3 3 00002 00000000 0
1662 3 3 00003 00000000 0
1663 1 2 00000 00000000 0
1664 0 3 00000 0000004F 0
1665 0 3 00001 00000000 0
1666 0 3 00002 00000000 0
1667 0 3 00003 00000000 0
1668 2 2 00000 00000000 0
1669 1 3 00000 0000009E 0
1670 1 3 00001 00000000 0
1671 1 3 00002 00000000 0
1672 1 3 00003 00000000 0
1673 3 2 00000 00000000 0
1674 2 3 00000 000000ED 0
1675 2 3 00001 00000000 0
1676 2 3 00002 00000000 0
1677 2 3 00003 00000000 0
1678 0 2 00000 00000000 0
1679 3 3 00000 0000013C 0
1680 3 3 00001 00000000 0
1681 3 3 00002 00000000 0
1682 3 3 00003 00000000 0
1683 1 2 00000 00000000 0
1684 0 3 00000 00000050 0
1685 0 3 00001 00000000 0
1686 0 3 00002 00000000 0
1687 0 3 00003 00000000 0
1688 2 2 00000 00000000 0
1689 1 3 00000 000000A0 0
1690 1 3 00001 00000000 0
1691 1 3 00002 00000000 0
1692 1 3 00003 00000000 0
1693 3 2 00000 00000000 0
1694 2 3 00000 000000F0 0
1695 2 3 00001 00000000 0
1696 2 3 00002 00000000 0
1697 2 3 00003 00000000 0
1698 0 2 00000 00000000 0
1699 3 3 00000 00000140 0
1700 3 3 00001 00000000 0
1701 3 3 00002 00000000 0
1702 3 3 00003 00000000 0
1703 1 2 00000 00000000 0
1704 0 3 00000 00000051 0
1705 0 3 00001 00000000 0
1706 0 3 00002 00000000 0
1707 0 3 00003 00000000 0
1708 2 2 00000 00000000 0
1709 1 3 00000 000000A2 0
1710 1 3 00001 00000000 0
1711 1 3 00002 00000000 0
1712 1 3 00003 00000000 0
1713 3 2 00000 00000000 0
1714 2 3 00000 000000F3 0
1715 2 3 00001 00000000 0
1716 2 3 00002 00000000 0
1717 2 3 00003 00000000 0
1718 0 2 00000 00000000 0
1719 3 3 00000 00000144 0
1720 3 3 00001 00000000 0
1721 3 3 00002 00000000 0
1722 3 3 00003 00000000 0
1723 1 2 00000 00000000 0
1724 0 3 00000 00000052 0
1725 0 3 00001 00000000 0
1726 0 3 00002 00000000 0
1727 0 3 00003 00000000 0
1728 2 2 00000 00000000 0
1729 1 3 00000 000000A4 0
1730 1 3 00001 00000000 0
1731 1 3 00002 00000000 0
1732 1 3 00003 00000000 0
1733 3 2 00000 00000000 0
1734 2 3 00000 000000F6 0
1735 2 3 00001 00000000 0
1736 2 3 00002 00000000 0
1737 2 3 00003 00000000 0
1738 0 2 00000 00000000 0
1739 3 3 00000 00000148 0
1740 3 3 00001 00000000 0
1741 3 3 00002 00000000 0
1742 3 3 00003 00000000 0
1743 1 2 00000 00000000 0
1744 0 3 00000 00000053 0
1745 0 3 00001 00000000 0
1746 0 3 00002 00000000 0
1747 0 3 00003 00000000 0
1748 2 2 00000 00000000 0
1749 1 3 00000 000000A6 0
1750 1 3 00001 00000000 0
1751 1 3 00002 00000000 0
1752 1 3 00003 00000000 0
1753 3 2 00000 00000000 0
1754 2 3 00000 000000F9 0
1755 2 3 00001 00000000 0
1756 2 3 00002 00000000 0
1757 2 3 00003 00000000 0
1758 0 2 00000 00000000 0
1759 3 3 00000 0000014C 0
1760 3 3 00001 00000000 0
1761 3 3 00002 00000000 0
1762 3 3 00003 00000000 0
1763 1 2 00000 00000000 0
1764 0 3 00000 00000054 0
1765 0 3 00001 00000000 0
1766 0 3 00002 00000000 0
1767 0 3 00003 00000000 0
1768 2 2 00000 00000000 0
1769 1 3 00000 000000A8 0
1770 1 3 00001 00000000 0
1771 1 3 00002 00000000 0
1772 1 3 00003 00000000 0
1773 3 2 00000 00000000 0
1774 2 3 00000 000000FC 0
1775 2 3 00001 00000000 0
1776 2 3 00002 00000000 0
1777 2 3 00003 00000000 0
1778 0 2 00000 00000000 0
1779 3 3 00000 00000150 0
1780 3 3 00001 00000000 0
1781 3 3 00002 00000000 0
1782 3 3 00003 00000000 0
1783 1 2 00000 00000000 0
1784 0 3 00000 00000055 0
1785 0 3 00001 00000000 0
1786 0 3 00002 00000000 0
1787 0 3 00003 00000000 0
1788 2 2 00000 00000000 0
1789 1 3 00000 000000AA 0
1790 1 3 00001 00000000 0
1791 1 3 00002 00000000 0
1792 1 3 00003 00000000 0
1793 3 2 00000 00000000 0
1794 2 3 00000 000000FF 0
1795 2 3 00001 00000000 0
1796 2 3 00002 00000000 0
1797 2 3 00003 00000000 0
1798 0 2 00000 00000000 0
1799 3 3 00000 00000154 0
1800 3 3 00001 00000000 0
1801 3 3 00002 00000000 0
1802 3 3 00003 00000000 0
1803 1 2 00000 00000000 0
1804 0 3 00000 00000056 0
1805 0 3 00001 00000000 0
1806 0 3 00002 00000000 0
1807 0 3 00003 00000000 0
1808 2 2 00000 00000000 0
1809 1 3 00000 000000AC 0
1810 1 3 00001 00000000 0
1811 1 3 00002 00000000 0
1812 1 3 00003 00000000 0
1813 3 2 00000 00000000 0
1814 2 3 00000 00000102 0
1815 2 3 00001 00000000 0
1816 2 3 00002 00000000 0
1817 2 3 00003 00000000 0
1818 0 2 00000 00000000 0
1819 3 3 00000 00000158 0
1820 3 3 00001 00000000 0
1821 3 3 00002 00000000 0
1822 3 3 00003 00000000 0
1823 1 2 00000 00000000 0
1824 0 3 00000 00000057 0
1825 0 3 00001 00000000 0
1826 0 3 00002 00000000 0
1827 0 3 00003 00000000 0
1828 2 2 00000 00000000 0
1829 1 3 00000 000000AE 0
1830 1 3 00001 00000000 0
1831 1 3 00002 00000000 0
1832 1 3 00003 00000000 0
1833 3 2 00000 00000000 0
1834 2 3 00000 00000105 0
1835 2 3 00001 00000000 0
1836 2 3 00002 00000000 0
1837 2 3 00003 00000000 0
1838 0 2 00000 00000000 0
1839 3 3 00000 0000015C 0
1840 3 3 00001 00000000 0
1841 3 3 00002 00000000 0
1842 3 3 00003 00000000 0
1843 1 2 00000 00000000 0
1844 0 3 00000 00000058 0
1845 0 3 00001 00000000 0
1846 0 3 00002 00000000 0
1847 0 3 00003 00000000 0
1848 2 2 00000 00000000 0
1849 1 3 00000 000000B0 0
1850 1 3 00001 00000000 0
1851 1 3 00002 00000000 0
1852 1 3 00003 00000000 0
1853 3 2 00000 00000000 0
1854 2 3 00000 00000108 0
1855 2 3 00001 00000000 0
1856 2 3 00002 00000000 0
1857 2 3 00003 00000000 0
1858 0 2 00000 00000000 0
1859 3 3 00000 00000160 0
1860 3 3 00001 00000000 0
1861 3 3 00002 00000000 0
1862 3 3 00003 00000000 0
1863 1 2 00000 00000000 0
1864 0 3 00000 00000059 0
1865 0 3 00001 00000000 0
1866 0 3 00002 00000000 0
1867 0 3 00003 00000000 0
1868 2 2 00000 00000000 0
1869 1 3 00000 000000B2 0
1870 1 3 00001 00000000 0
1871 1 3 00002 00000000 0
1872 1 3 00003 00000000 0
1873 3 2 00000 00000000 0
1874 2 3 00000 0000010B 0
1875 2 3 00001 00000000 0
1876 2 3 00002 00000000 0
1877 2 3 00003 00000000 0
1878 0 2 00000 00000000 0
1879 3 3 00000 00000164 0
1880 3 3 00001 00000000 0
1881 3 3 00002 00000000 0
1882 3 3 00003 00000000 0
1883 1 2 00000 00000000 0
1884 0 3 00000 0000005A 0
1885 0 3 00001 00000000 0
1886 0 3 00002 00000000 0
1887 0 3 00003 00000000 0
1888 2 2 00000 00000000 0
1889 1 3 00000 000000B4 0
1890 1 3 00001 00000000 0
1891 1 3 00002 00000000 0
1892 1 3 00003 00000000 0
1893 3 2 00000 00000000 0
1894 2 3 00000 0000010E 0
1895 2 3 00001 00000000 0
1896 2 3 00002 00000000 0
1897 2 3 00003 00000000 0
1898 0 2 00000 00000000 0
1899 3 3 00000 00000168 0
1900 3 3 00001 00000000 0
1901 3 3 00002 00000000 0
1902 3 3 00003 00000000 0
1903 1 2 00000 00000000 0
1904 0 3 00000 0000005B 0
1905 0 3 00001 00000000 0
1906 0 3 00002 00000000 0
1907 0 3 00003 00000000 0
1908 2 2 00000 00000000 0
1909 1 3 00000 000000B6 0
1910 1 3 00001 00000000 0
1911 1 3 00002 00000000 0
1912 1 3 00003 00000000 0
1913 3 2 00000 00000000 0
1914 2 3 00000 00000111 0
1915 2 3 00001 00000000 0
1916 2 3 00002 00000000 0
1917 2 3 00003 00000000 0
1918 0 2 00000 00000000 0
1919 3 3 00000 0000016C 0
1920 3 3 00001 00000000 0
1921 3 3 00002 00000000 0
1922 3 3 00003 00000000 0
1923 1 2 00000 00000000 0
1924 0 3 00000 0000005C 0
1925 0 3 00001 00000000 0
1926 0 3 00002 00000000 0
1927 0 3 00003 00000000 0
1928 2 2 00000 00000000 0
1929 1 3 00000 000000B8 0
1930 1 3 00001 00000000 0
1931 1 3 00002 00000000 0
1932 1 3 00003 00000000 0
1933 3 2 00000 00000000 0
1934 2 3 00000 00000114 0
1935 2 3 00001 00000000 0
1936 2 3 00002 00000000 0
1937 2 3 00003 00000000 0
1938 0 2 00000 00000000 0
1939 3 3 00000 00000170 0
1940 3 3 00001 00000000 0
1941 3 3 00002 00000000 0
1942 3 3 00003 00000000 0
1943 1 2 00000 00000000 0
1944 0 3 00000 0000005D 0
1945 0 3 00001 00000000 0
1946 0 3 00002 00000000 0
1947 0 3 00003 00000000 0
1948 2 2 00000 00000000 0
1949 1 3 00000 000000BA 0
1950 1 3 00001 00000000 0
1951 1 3 00002 00000000 0
1952 1 3 00003 00000000 0
1953 3 2 00000 00000000 0
1954 2 3 00000 00000117 0
1955 2 3 00001 00000000 0
1956 2 3 00002 00000000 0
1957 2 3 00003 00000000 0
1958 0 2 00000 00000000 0
1959 3 3 00000 00000174 0
1960 3 3 00001 00000000 0
1961 3 3 00002 00000000 0
1962 3 3 00003 00000000 0
1963 1 2 00000 00000000 0
1964 0 3 00000 0000005E 0
1965 0 3 00001 00000000 0
1966 0 3 00002 00000000 0
1967 0 3 00003 00000000 0
1968 2 2 00000 00000000 0
1969 1 3 00000 000000BC 0
1970 1 3 00001 00000000 0
1971 1 3 00002 00000000 0
1972 1 3 00003 00000000 0
1973 3 2 00000 00000000 0
1974 2 3 00000 0000011A 0
1975 2 3 00001 00000000 0
1976 2 3 00002 00000000 0
1977 2 3 00003 00000000 0
1978 0 2 00000 00000000 0
1979 3 3 00000 00000178 0
1980 3 3 00001 00000000 0
1981 3 3 00002 00000000 0
1982 3 3 00003 00000000 0
1983 1 2 00000 00000000 0
1984 0 3 00000 0000005F 0
1985 0 3 00001 00000000 0
1986 0 3 00002 00000000 0
1987 0 3 00003 00000000 0
1988 2 2 00000 00000000 0
1989 1 3 00000 000000BE 0
1990 1 3 00001 00000000 0
1991 1 3 00002 00000000 0
1992 1 3 00003 00000000 0
1993 3 2 00000 00000000 0
1994 2 3 00000 0000011D 0
1995 2 3 00001 00000000 0
1996 2 3 00002 00000000 0
1997 2 3 00003 00000000 0
1998 0 2 00000 00000000 0
1999 3 3 00000 0000017C 0
2000 3 3 00001 00000000 0
2001 3 3 00002 00000000 0
2002 3 3 00003 00000000 0
2003 1 2 00000 00000000 0
2004 0 3 00000 00000060 0
2005 0 3 00001 00000000 0
2006 0 3 00002 00000000 0
2007 0 3 00003 00000000 0
2008 2 2 00000 00000000 0
2009 1 3 00000 000000C0 0
2010 1 3 00001 00000000 0
2011 1 3 00002 00000000 0
2012 1 3 00003 00000000 0
2013 3 2 00000 00000000 0
2014 2 3 00000 00000120 0
2015 2 3 00001 00000000 0
2016 2 3 00002 00000000 0
2017 2 3 00003 00000000 0
2018 0 2 00000 00000000 0
2019 3 3 00000 00000180 0
2020 3 3 00001 00000000 0
2021 3 3 00002 00000000 0
2022 3 3 00003 00000000 0
2023 1 2 00000 00000000 0
2024 0 3 00000 00000061 0
2025 0 3 00001 00000000 0
2026 0 3 00002 00000000 0
2027 0 3 00003 00000000 0
2028 2 2 00000 00000000 0
2029 1 3 00000 000000C2 0
2030 1 3 00001 00000000 0
2031 1 3 00002 00000000 0
2032 1 3 00003 00000000 0
2033 3 2 00000 00000000 0
2034 2 3 00000 00000123 0
2035 2 3 00001 00000000 0
2036 2 3 00002 00000000 0
2037 2 3 00003 00000000 0
2038 0 2 00000 00000000 0
2039 3 3 00000 00000184 0
2040 3 3 00001 00000000 0
2041 3 3 00002 00000000 0
2042 3 3 00003 00000000 0
2043 1 2 00000 00000000 0
2044 0 3 00000 00000062 0
2045 0 3 00001 00000000 0
2046 0 3 00002 00000000 0
2047 0 3 00003 00000000 0
2048 2 2 00000 00000000 0
2049 1 3 00000 000000C4 0
2050 1 3 00001 00000000 0
2051 1 3 00002 00000000 0
2052 1 3 00003 00000000 0
2053 3 2 00000 00000000 0
2054 2 3 00000 00000126 0
2055 2 3 00001 00000000 0
2056 2 3 00002 00000000 0
2057 2 3 00003 00000000 0
2058 0 2 00000 00000000 0
2059 3 3 00000 00000188 0
2060 3 3 00001 00000000 0
2061 3 3 00002 00000000 0
2062 3 3 00003 00000000 0
2063 1 2 00000 00000000 0
2064 0 3 00000 00000063 0
2065 0 3 00001 00000000 0
2066 0 3 00002 00000000 0
2067 0 3 00003 00000000 0
2068 2 2 00000 00000000 0
2069 1 3 00000 000000C6 0
2070 1 3 00001 00000000 0
2071 1 3 00002 00000000 0
2072 1 3 00003 00000000 0
2073 3 2 00000 00000000 0
2074 2 3 00000 00000129 0
2075 2 3 00001 00000000 0
2076 2 3 00002 00000000 0
2077 2 3 00003 00000000 0
2078 0 2 00000 00000000 0
2079 3 3 00000 0000018C 0
2080 3 3 00001 00000000 0
2081 3 3 00002 00000000 0
2082 3 3 00003 00000000 0
2083 1 2 00000 00000000 0
2084 0 3 00000 00000064 0
2085 0 3 00001 00000000 0
2086 0 3 00002 00000000 0
2087 0 3 00003 00000000 0
2088 2 2 00000 00000000 0
2089 1 3 00000 000000C8 0
2090 1 3 00001 00000000 0
2091 1 3 00002 00000000 0
2092 1 3 00003 00000000 0
2093 3 2 00000 00000000 0
2094 2 3 00000 0000012C 0
2095 2 3 00001 00000000 0
2096 2 3 00002 00000000 0
2097 2 3 00003 00000000 0
2098 0 2 00000 00000000 0
2099 3 3 00000 00000190 0
2100 3 3 00001 00000000 0
2101 3 3 00002 00000000 0
2102 3 3 00003 00000000 0
2103 1 2 00000 00000000 0
2104 0 3 00000 00000065 0
2105 0 3 00001 00000000 0
2106 0 3 00002 00000000 0
2107 0 3 00003 00000000 0
2108 2 2 00000 00000000 0
2109 1 3 00000 000000CA 0
2110 1 3 00001 00000000 0
2111 1 3 00002 00000000 0
2112 1 3 00003 00000000 0
2113 3 2 00000 00000000 0
2114 2 3 00000 0000012F 0
2115 2 3 00001 00000000 0
2116 2 3 00002 00000000 0
2117 2 3 00003 00000000 0
2118 0 2 00000 00000000 0
2119 3 3 00000 00000194 0
2120 3 3 00001 00000000 0
2121 3 3 00002 00000000 0
2122 3 3 00003 00000000 0
2123 1 2 00000 00000000 0
2124 0 3 00000 00000066 0
2125 0 3 00001 00000000 0
2126 0 3 00002 00000000 0
2127 0 3 00003 00000000 0
2128 2 2 00000 00000000 0
2129 1 3 00000 000000CC 0
2130 1 3 00001 00000000 0
2131 1 3 00002 00000000 0
2132 1 3 00003 00000000 0
2133 3 2 00000 00000000 0
2134 2 3 00000 00000132 0
2135 2 3 00001 00000000 0
2136 2 3 00002 00000000 0
2137 2 3 00003 00000000 0
2138 0 2 00000 00000000 0
2139 3 3 00000 00000198 0
2140 3 3 00001 00000000 0
2141 3 3 00002 00000000 0
2142 3 3 00003 00000000 0
2143 1 2 00000 00000000 0
2144 0 3 00000 00000067 0
2145 0 3 00001 00000000 0
2146 0 3 00002 00000000 0
2147 0 3 00003 00000000 0
2148 2 2 00000 00000000 0
2149 1 3 00000 000000CE 0
2150 1 3 00001 00000000 0
2151 1 3 00002 00000000 0
2152 1 3 00003 00000000 0
2153 3 2 00000 00000000 0
2154 2 3 00000 00000135 0
2155 2 3 00001 00000000 0
2156 2 3 00002 00000000 0
2157 2 3 00003 00000000 0
2158 0 2 00000 00000000 0
2159 3 3 00000 0000019C 0
2160 3 3 00001 00000000 0
2161 3 3 00002 00000000 0
2162 3 3 00003 00000000 0
2163 1 2 00000 00000000 0
2164 0 3 00000 00000068 0
2165 0 3 00001 00000000 0
2166 0 3 00002 00000000 0
2167 0 3 00003 00000000 0
2168 2 2 00000 00000000 0
2169 1 3 00000 000000D0 0
2170 1 3 00001 00000000 0
2171 1 3 00002 00000000 0
2172 1 3 00003 00000000 0
2173 3 2 00000 00000000 0
2174 2 3 00000 00000138 0
2175 2 3 00001 00000000 0
2176 2 3 00002 00000000 0
2177 2 3 00003 00000000 0
2178 0 2 00000 00000000 0
2179 3 3 00000 000001A0 0
2180 3 3 00001 00000000 0
2181 3 3 00002 00000000 0
2182 3 3 00003 00000000 0
2183 1 2 00000 00000000 0
2184 0 3 00000 00000069 0
2185 0 3 00001 00000000 0
2186 0 3 00002 00000000 0
2187 0 3 00003 00000000 0
2188 2 2 00000 00000000 0
2189 1 3 00000 000000D2 0
2190 1 3 00001 00000000 0
2191 1 3 00002 00000000 0
2192 1 3 00003 00000000 0
2193 3 2 00000 00000000 0
2194 2 3 00000 0000013B 0
2195 2 3 00001 00000000 0
2196 2 3 00002 00000000 0
2197 2 3 00003 00000000 0
2198 0 2 00000 00000000 0
2199 3 3 00000 000001A4 0
2200 3 3 00001 00000000 0
2201 3 3 00002 00000000 0
2202 3 3 00003 00000000 0
2203 1 2 00000 00000000 0
2204 0 3 00000 0000006A 0
2205 0 3 00001 00000000 0
2206 0 3 00002 00000000 0
2207 0 3 00003 00000000 0
2208 2 2 00000 00000000 0
2209 1 3 00000 000000D4 0
2210 1 3 00001 00000000 0
2211 1 3 00002 00000000 0
2212 1 3 00003 00000000 0
2213 3 2 00000 00000000 0
2214 2 3 00000 0000013E 0
2215 2 3 00001 00000000 0
2216 2 3 00002 00000000 0
2217 2 3 00003 00000000 0
2218 0 2 00000 00000000 0
2219 3 3 00000 000001A8 0
2220 3 3 00001 00000000 0
2221 3 3 00002 00000000 0
2222 3 3 00003 00000000 0
2223 1 2 00000 00000000 0
2224 0 3 00000 0000006B 0
2225 0 3 00001 00000000 0
2226 0 3 00002 00000000 0
2227 0 3 00003 00000000 0
2228 2 2 00000 00000000 0
2229 1 3 00000 000000D6 0
2230 1 3 00001 00000000 0
2231 1 3 00002 00000000 0
2232 1 3 00003 00000000 0
2233 3 2 00000 00000000 0
2234 2 3 00000 00000141 0
2235 2 3 00001 00000000 0
2236 2 3 00002 00000000 0
2237 2 3 00003 00000000 0
2238 0 2 00000 00000000 0
2239 3 3 00000 000001AC 0
2240 3 3 00001 00000000 0
2241 3 3 00002 00000000 0
2242 3 3 00003 00000000 0
2243 1 2 00000 00000000 0
2244 0 3 00000 0000006C 0
2245 0 3 00001 00000000 0
2246 0 3 00002 00000000 0
2247 0 3 00003 00000000 0
2248 2 2 00000 00000000 0
2249 1 3 00000 000000D8 0
2250 1 3 00001 00000000 0
2251 1 3 00002 00000000 0
2252 1 3 00003 00000000 0
2253 3 2 00000 00000000 0
2254 2 3 00000 00000144 0
2255 2 3 00001 00000000 0
2256 2 3 00002 00000000 0
2257 2 3 00003 00000000 0
2258 0 2 00000 00000000 0
2259 3 3 00000 000001B0 0
2260 3 3 00001 00000000 0
2261 3 3 00002 00000000 0
2262 3 3 00003 00000000 0
2263 1 2 00000 00000000 0
2264 0 3 00000 0000006D 0
2265 0 3 00001 00000000 0
2266 0 3 00002 00000000 0
2267 0 3 00003 00000000 0
2268 2 2 00000 00000000 0
2269 1 3 00000 000000DA 0
2270 1 3 00001 00000000 0
2271 1 3 00002 00000000 0
2272 1 3 00003 00000000 0
2273 3 2 00000 00000000 0
2274 2 3 00000 00000147 0
2275 2 3 00001 00000000 0
2276 2 3 00002 00000000 0
2277 2 3 00003 00000000 0
2278 0 2 00000 00000000 0
2279 3 3 00000 000001B4 0
2280 3 3 00001 00000000 0
2281 3 3 00002 00000000 0
2282 3 3 00003 00000000 0
2283 1 2 00000 00000000 0
2284 0 3 00000 0000006E 0
2285 0 3 00001 00000000 0
2286 0 3 00002 00000000 0
2287 0 3 00003 00000000 0
2288 2 2 00000 00000000 0
2289 1 3 00000 000000DC 0
2290 1 3 00001 00000000 0
2291 1 3 00002 00000000 0
2292 1 3 00003 00000000 0
2293 3 2 00000 00000000 0
2294 2 3 00000 0000014A 0
2295 2 3 00001 00000000 0
2296 2 3 00002 00000000 0
2297 2 3 00003 00000000 0
2298 0 2 00000 00000000 0
2299 3 3 00000 000001B8 0
2300 3 3 00001 00000000 0
2301 3 3 00002 00000000 0
2302 3 3 00003 00000000 0
2303 1 2 00000 00000000 0
2304 0 3 00000 0000006F 0
2305 0 3 00001 00000000 0
2306 0 3 00002 00000000 0
2307 0 3 00003 00000000 0
2308 2 2 00000 00000000 0
2309 1 3 00000 000000DE 0
2310 1 3 00001 00000000 0
2311 1 3 00002 00000000 0
2312 1 3 00003 00000000 0
2313 3 2 00000 00000000 0
2314 2 3 00000 0000014D 0
2315 2 3 00001 00000000 0
2316 2 3 00002 00000000 0
2317 2 3 00003 00000000 0
2318 0 2 00000 00000000 0
2319 3 3 00000 000001BC 0
2320 3 3 00001 00000000 0
2321 3 3 00002 00000000 0
2322 3 3 00003 00000000 0
2323 1 2 00000 00000000 0
2324 0 3 00000 00000070 0
2325 0 3 00001 00000000 0
2326 0 3 00002 00000000 0
2327 0 3 00003 00000000 0
2328 2 2 00000 00000000 0
2329 1 3 00000 000000E0 0
2330 1 3 00001 00000000 0
2331 1 3 00002 00000000 0
2332 1 3 00003 00000000 0
2333 3 2 00000 00000000 0
2334 2 3 00000 00000150 0
2335 2 3 00001 00000000 0
2336 2 3 00002 00000000 0
2337 2 3 00003 00000000 0
2338 0 2 00000 00000000 0
2339 3 3 00000 000001C0 0
2340 3 3 00001 00000000 0
2341 3 3 00002 00000000 0
2342 3 3 00003 00000000 0
2343 1 2 00000 00000000 0
2344 0 3 00000 00000071 0
2345 0 3 00001 00000000 0
2346 0 3 00002 00000000 0
2347 0 3 00003 00000000 0
2348 2 2 00000 00000000 0
2349 1 3 00000 000000E2 0
2350 1 3 00001 00000000 0
2351 1 3 00002 00000000 0
2352 1 3 00003 00000000 0
2353 3 2 00000 00000000 0
2354 2 3 00000 00000153 0
2355 2 3 00001 00000000 0
2356 2 3 00002 00000000 0
2357 2 3 00003 00000000 0
2358 0 2 00000 00000000 0
2359 3 3 00000 000001C4 0
2360 3 3 00001 00000000 0
2361 3 3 00002 00000000 0
2362 3 3 00003 00000000 0
2363 1 2 00000 00000000 0
2364 0 3 00000 00000072 0
2365 0 3 00001 00000000 0
2366 0 3 00002 00000000 0
2367 0 3 00003 00000000 0
2368 2 2 00000 00000000 0
2369 1 3 00000 000000E4 0
2370 1 3 00001 00000000 0
2371 1 3 00002 00000000 0
2372 1 3 00003 00000000 0
2373 3 2 00000 00000000 0
2374 2 3 00000 00000156 0
2375 2 3 00001 00000000 0
2376 2 3 00002 00000000 0
2377 2 3 00003 00000000 0
2378 0 2 00000 00000000 0
2379 3 3 00000 000001C8 0
2380 3 3 00001 00000000 0
2381 3 3 00002 00000000 0
2382 3 3 00003 00000000 0
2383 1 2 00000 00000000 0
2384 0 3 00000 00000073 0
2385 0 3 00001 00000000 0
2386 0 3 00002 00000000 0
2387 0 3 00003 00000000 0
2388 2 2 00000 00000000 0
2389 1 3 00000 000000E6 0
2390 1 3 00001 00000000 0
2391 1 3 00002 00000000 0
2392 1 3 00003 00000000 0
2393 3 2 00000 00000000 0
2394 2 3 00000 00000159 0
2395 2 3 00001 00000000 0
2396 2 3 00002 00000000 0
2397 2 3 00003 00000000 0
2398 0 2 00000 00000000 0
2399 3 3 00000 000001CC 0
2400 3 3 00001 00000000 0
2401 3 3 00002 00000000 0
2402 3 3 00003 00000000 0
2403 1 2 00000 00000000 0
2404 0 3 00000 00000074 0
2405 0 3 00001 00000000 0
2406 0 3 00002 00000000 0
2407 0 3 00003 00000000 0
2408 2 2 00000 00000000 0
2409 1 3 00000 000000E8 0
2410 1 3 00001 00000000 0
2411 1 3 00002 00000000 0
2412 1 3 00003 00000000 0
2413 3 2 00000 00000000 0
2414 2 3 00000 0000015C 0
2415 2 3 00001 00000000 0
2416 2 3 00002 00000000 0
2417 2 3 00003 00000000 0
2418 0 2 00000 00000000 0
2419 3 3 00000 000001D0 0
2420 3 3 00001 00000000 0
2421 3 3 00002 00000000 0
2422 3 3 00003 00000000 0
2423 1 2 00000 00000000 0
2424 0 3 00000 00000075 0
2425 0 3 00001 00000000 0
2426 0 3 00002 00000000 0
2427 0 3 00003 00000000 0
2428 2 2 00000 00000000 0
2429 1 3 00000 000000EA 0
2430 1 3 00001 00000000 0
2431 1 3 00002 00000000 0
2432 1 3 00003 00000000 0
2433 3 2 00000 00000000 0
2434 2 3 00000 0000015F 0
2435 2 3 00001 00000000 0
2436 2 3 00002 00000000 0
2437 2 3 00003 00000000 0
2438 0 2 00000 00000000 0
2439 3 3 00000 000001D4 0
2440 3 3 00001 00000000 0
2441 3 3 00002 00000000 0
2442 3 3 00003 00000000 0
2443 1 2 00000 00000000 0
2444 0 3 00000 00000076 0
2445 0 3 00001 00000000 0
2446 0 3 00002 00000000 0
2447 0 3 00003 00000000 0
2448 2 2 00000 00000000 0
2449 1 3 00000 000000EC 0
2450 1 3 00001 00000000 0
2451 1 3 00002 00000000 0
2452 1 3 00003 00000000 0
2453 3 2 00000 00000000 0
2454 2 3 00000 00000162 0
2455 2 3 00001 00000000 0
2456 2 3 00002 00000000 0
2457 2 3 00003 00000000 0
2458 0 2 00000 00000000 0
2459 3 3 00000 000001D8 0
2460 3 3 00001 00000000 0
2461 3 3 00002 00000000 0
2462 3 3 00003 00000000 0
2463 1 2 00000 00000000 0
2464 0 3 00000 00000077 0
2465 0 3 00001 00000000 0
2466 0 3 00002 00000000 0
2467 0 3 00003 00000000 0
2468 2 2 00000 00000000 0
2469 1 3 00000 000000EE 0
2470 1 3 00001 00000000 0
2471 1 3 00002 00000000 0
2472 1 3 00003 00000000 0
2473 3 2 00000 00000000 0
2474 2 3 00000 00000165 0
2475 2 3 00001 00000000 0
2476 2 3 00002 00000000 0
2477 2 3 00003 00000000 0
2478 0 2 00000 00000000 0
2479 3 3 00000 000001DC 0
2480 3 3 00001 00000000 0
2481 3 3 00002 00000000 0
2482 3 3 00003 00000000 0
2483 1 2 00000 00000000 0
2484 0 3 00000 00000078 0
2485 0 3 00001 00000000 0
2486 0 3 00002 00000000 0
2487 0 3 00003 00000000 0
2488 2 2 00000 00000000 0
2489 1 3 00000 000000F0 0
2490 1 3 00001 00000000 0
2491 1 3 00002 00000000 0
2492 1 3 00003 00000000 0
2493 3 2 00000 00000000 0
2494 2 3 00000 00000168 0
2495 2 3 00001 00000000 0
2496 2 3 00002 00000000 0
2497 2 3 00003 00000000 0
2498 0 2 00000 00000000 0
2499 3 3 00000 000001E0 0
2500 3 3 00001 00000000 0
2501 3 3 00002 00000000 0
2502 3 3 00003 00000000 0
2503 1 2 00000 00000000 0
2504 0 3 00000 00000079 0
2505 0 3 00001 00000000 0
2506 0 3 00002 00000000 0
2507 0 3 00003 00000000 0
2508 2 2 00000 00000000 0
2509 1 3 00000 000000F2 0
2510 1 3 00001 00000000 0
2511 1 3 00002 00000000 0
2512 1 3 00003 00000000 0
2513 3 2 00000 00000000 0
2514 2 3 00000 0000016B 0
2515 2 3 00001 00000000 0
2516 2 3 00002 00000000 0
2517 2 3 00003 00000000 0
2518 0 2 00000 00000000 0
2519 3 3 00000 000001E4 0
2520 3 3 00001 00000000 0
2521 3 3 00002 00000000 0
2522 3 3 00003 00000000 0
2523 1 2 00000 00000000 0
2524 0 3 00000 0000007A 0
2525 0 3 00001 00000000 0
2526 0 3 00002 00000000 0
2527 0 3 00003 00000000 0
2528 2 2 00000 00000000 0
2529 1 3 00000 000000F4 0
2530 1 3 00001 00000000 0
2531 1 3 00002 00000000 0
2532 1 3 00003 00000000 0
2533 3 2 00000 00000000 0
2534 2 3 00000 0000016E 0
2535 2 3 00001 00000000 0
2536 2 3 00002 00000000 0
2537 2 3 00003 00000000 0
2538 0 2 00000 00000000 0
2539 3 3 00000 000001E8 0
2540 3 3 00001 00000000 0
2541 3 3 00002 00000000 0
2542 3 3 00003 00000000 0
2543 1 2 00000 00000000 0
2544 0 3 00000 0000007B 0
2545 0 3 00001 00000000 0
2546 0 3 00002 00000000 0
2547 0 3 00003 00000000 0
2548 2 2 00000 00000000 0
2549 1 3 00000 000000F6 0
2550 1 3 00001 00000000 0
2551 1 3 00002 00000000 0
2552 1 3 00003 00000000 0
2553 3 2 00000 00000000 0
2554 2 3 00000 00000171 0
2555 2 3 00001 00000000 0
2556 2 3 00002 00000000 0
2557 2 3 00003 00000000 0
2558 0 2 00000 00000000 0
2559 3 3 00000 000001EC 0
2560 3 3 00001 00000000 0
2561 3 3 00002 00000000 0
2562 3 3 00003 00000000 0
2563 1 2 00000 00000000 0
2564 0 3 00000 0000007C 0
2565 0 3 00001 00000000 0
2566 0 3 00002 00000000 0
2567 0 3 00003 00000000 0
2568 2 2 00000 00000000 0
2569 1 3 00000 000000F8 0
2570 1 3 00001 00000000 0
2571 1 3 00002 00000000 0
2572 1 3 00003 00000000 0
2573 3 2 00000 00000000 0
2574 2 3 00000 00000174 0
2575 2 3 00001 00000000 0
2576 2 3 00002 00000000 0
2577 2 3 00003 00000000 0
2578 0 2 00000 00000000 0
2579 3 3 00000 000001F0 0
2580 3 3 00001 00000000 0
2581 3 3 00002 00000000 0
2582 3 3 00003 00000000 0
2583 1 2 00000 00000000 0
2584 0 3 00000 0000007D 0
2585 0 3 00001 00000000 0
2586 0 3 00002 00000000 0
2587 0 3 00003 00000000 0
2588 2 2 00000 00000000 0
2589 1 3 00000 000000FA 0
2590 1 3 00001 00000000 0
2591 1 3 00002 00000000 0
2592 1 3 00003 00000000 0
2593 3 2 00000 00000000 0
2594 2 3 00000 00000177 0
2595 2 3 00001 00000000 0
2596 2 3 00002 00000000 0
2597 2 3 00003 00000000 0
2598 0 2 00000 00000000 0
2599 3 3 00000 000001F4 0
2600 3 3 00001 00000000 0
2601 3 3 00002 00000000 0
2602 3 3 00003 00000000 0
2603 1 2 00000 00000000 0
2604 0 3 00000 0000007E 0
2605 0 3 00001 00000000 0
2606 0 3 00002 00000000 0
2607 0 3 00003 00000000 0
2608 2 2 00000 00000000 0
2609 1 3 00000 000000FC 0
2610 1 3 00001 00000000 0
2611 1 3 00002 00000000 0
2612 1 3 00003 00000000 0
2613 3 2 00000 00000000 0
2614 2 3 00000 0000017A 0
2615 2 3 00001 00000000 0
2616 2 3 00002 00000000 0
2617 2 3 00003 00000000 0
2618 0 2 00000 00000000 0
2619 3 3 00000 000001F8 0
2620 3 3 00001 00000000 0
2621 3 3 00002 00000000 0
2622 3 3 00003 00000000 0
2623 1 2 00000 00000000 0
2624 0 3 00000 0000007F 0
2625 0 3 00001 00000000 0
2626 0 3 00002 00000000 0
2627 0 3 00003 00000000 0
2628 2 2 00000 00000000 0
2629 1 3 00000 000000FE 0
2630 1 3 00001 00000000 0
2631 1 3 00002 00000000 0
2632 1 3 00003 00000000 0
2633 3 2 00000 00000000 0
2634 2 3 00000 0000017D 0
2635 2 3 00001 00000000 0
2636 2 3 00002 00000000 0
2637 2 3 00003 00000000 0
2638 0 2 00000 00000000 0
2639 3 3 00000 000001FC 0
2640 3 3 00001 00000000 0
2641 3 3 00002 00000000 0
2642 3 3 00003 00000000 0
2643 1 2 00000 00000000 0
2644 0 3 00000 00000080 0
2645 0 3 00001 00000000 0
2646 0 3 00002 00000000 0
2647 0 3 00003 00000000 0
2648 2 2 00000 00000000 0
2649 1 3 00000 00000100 0
2650 1 3 00001 00000000 0
2651 1 3 00002 00000000 0
2652 1 3 00003 00000000 0
2653 3 2 00000 00000000 0
2654 2 3 00000 00000180 0
2655 2 3 00001 00000000 0
2656 2 3 00002 00000000 0
2657 2 3 00003 00000000 0
2658 3 3 00000 00000200 0
2659 3 3 00001 00000000 0
2660 3 3 00002 00000000 0
2661 3 3 00003 00000000 0
2662 3 1 00100 00000000 0
2663 3 1 00100 00000000 0
2664 3 1 00100 00000000 0
2665 3 1 00100 00000000 0
2666 3 1 00100 00000000 0
2667 3 1 00100 00000000 0
2668 3 1 00100 00000000 0
2669 3 1 00100 00000000 0
2670 3 1 00100 00000000 0
2671 3 1 00100 00000000 0
2672 3 1 00100 00000000 0
2673 3 1 00100 00000000 0
2674 3 1 00100 00000000 0
2675 3 1 00100 00000000 0
2676 3 1 00100 00000000 0
2677 3 1 00100 00000000 0
2678 4 3 00100 00000000 0
2679 4 3 00101 00000000 0
2680 4 3 00102 00000000 0
2681 4 3 00103 00000000 0
