00002001
00002001
00002001
00002001
00002001
00002001
00002001
00002001
00002001
00002001
00002001
00002001
00002001
00002001
00002001
00002001
00002001
00002001
00002001
00003002
00003002
00003002
00003002
00003002
00003002
00003002
00003002
00003002
00003002
00003002
00003002
00003002
00003002
00003002
00003002
00003002
00003002
00003002
00003002
00003002
00003002
00003002
00003002
00003002
00003002
00003002
00003002
00003002
00003002
00003002
00003002
00003002
00003002
00003002
00003002
00003002
00003002
00003002
00003002
00003002
00003002
00003002
00003002
00003002
