3 2 1 0000F 00000000 0
4 2 1 0000F 00000000 0
5 2 1 0000F 00000000 0
6 2 1 0000F 00000000 0
7 2 1 0000F 00000000 0
8 2 1 0000F 00000000 0
9 2 1 0000F 00000000 0
10 2 1 0000F 00000000 0
11 2 1 0000F 00000000 0
12 2 1 0000F 00000000 0
13 2 1 0000F 00000000 0
14 2 1 0000F 00000000 0
15 2 1 0000F 00000000 0
16 2 1 0000F 00000000 0
17 2 1 0000F 00000000 0
18 2 1 0000F 00000000 0
19 4 3 0000C 00000000 0
20 4 3 0000D 00000000 0
21 4 3 0000E 00000000 0
22 4 3 0000F 00000064 0
23 2 1 00011 00000064 0
24 2 1 00011 00000064 0
25 2 1 00011 00000064 0
26 2 1 00011 00000064 0
27 2 1 00011 00000064 0
28 2 1 00011 00000064 0
29 2 1 00011 00000064 0
30 2 1 00011 00000064 0
31 2 1 00011 00000064 0
32 2 1 00011 00000064 0
33 2 1 00011 00000064 0
34 2 1 00011 00000064 0
35 2 1 00011 00000064 0
36 2 1 00011 00000064 0
37 2 1 00011 00000064 0
38 2 1 00011 00000064 0
39 4 3 00010 00000000 0
40 4 3 00011 00000010 0
41 4 3 00012 00000020 0
42 4 3 00013 00000000 0
1153 2 2 00007 00000000 0
1154 2 2 00007 00000000 0
1155 2 2 00007 00000000 0
1156 2 2 00007 00000000 0
1157 2 2 00007 00000000 0
1158 2 2 00007 00000000 0
1159 2 2 00007 00000000 0
1160 2 2 00007 00000000 0
1161 2 2 00007 00000000 0
1162 2 2 00007 00000000 0
1163 2 2 00007 00000000 0
1164 2 2 00007 00000000 0
1165 2 2 00007 00000000 0
1166 2 2 00007 00000000 0
1167 2 2 00007 00000000 0
1168 2 2 00007 00000000 0
1169 4 3 00004 00000000 0
1170 4 3 00005 00000000 0
1171 4 3 00006 00000000 0
1172 4 3 00007 00000000 0
1603 3 1 00012 00000000 0
1604 2 3 00010 00000000 0
1605 2 3 00011 00000075 0
1606 2 3 00012 00000020 0
1607 2 3 00013 00000000 0
