  0: 0   -   -   -   - |   0,   0,   0,   0,   0,   0,   0,   0,   0,   0,   0,   0,   0, 
  1: 1   0   -   -   - |   0,   0,   0,   0,   0,   0,   0,   0,   0,   0,   0,   0,   0, 
  2: 2   1   0   -   - |   0,   0,   0,   0,   0,   0,   0,   0,   0,   0,   0,   0,   0, 
  3: 3   2   1   0   - |   0,   0,   0,   0,   0,   0,   0,   0,   0,   0,   0,   0,   0, 
  4: 4   3   2   1   0 |   0,   0,   0,   0,   0,   0,   0,   0,   0,   0,   0,   0,   0, 
  5: 5   4   3   2   1 |   1,   0,   0,   0,   0,   0,   0,   0,   0,   0,   0,   0,   0, 
  6: 6   5   4   3   2 |   1,   1,   0,   0,   0,   0,   0,   0,   0,   0,   0,   0,   0, 
  7: 7   6   5   4   3 |   1,   1,   1,   0,   0,   0,   0,   0,   0,   0,   0,   0,   0, 
  8: 0   7   6   5   4 |   1,   1,   1,   1,   0,   0,   0,   0,   0,   0,   0,   0,   0, 
  9: 1   0   7   6   5 |   1,   1,   1,   1,   1,   0,   0,   0,   0,   0,   0,   0,   0, 
 10: 2   1   0   7   6 |   1,   1,   1,   1,   1,   1,   0,   0,   0,   0,   0,   0,   0, 
 11: 3   2   1   0   7 |   1,   1,   1,   1,   1,   1,   0,   0,   0,   0,   0,   0,   0, 
 12: 4   3   2   1   0 |   1,   1,   1,   1,   1,   1,   1,   0,   0,   0,   0,   0,   0, 
 13: 5   4   3   2   1 |   2,   1,   1,   1,   1,   1,   1,   0,   0,   0,   0,   0,   0, 
 14: 6   5   4   3   2 |   2,   2,   1,   1,   1,   1,   1,   0,   0,   0,   0,   0,   0, 
 15: 7   6   5   4   3 |   2,   2,   2,   1,   1,   1,   1,   0,   0,   0,   0,   0,   0, 
 16: 0   7   6   5   4 |   2,   2,   2,   2,   1,   1,   1,   0,   0,   0,   0,   0,   0, 
 17: 1   0   7   6   5 |   2,   2,   2,   2,   2,   1,   1,   0,   0,   0,   0,   0,   0, 
 18: 2   1   0   7   6 |   2,   2,   2,   2,   2,   2,   1,   0,   0,   0,   0,   0,   0, 
 19: 3   2   1   0   7 |   2,   2,   2,   2,   2,   2,   1,   0,   0,   0,   0,   0,   0, 
 20: 4   3   2   1   0 |   2,   2,   2,   2,   2,   2,   2,   0,   0,   0,   0,   0,   0, 
 21: 5   4   3   2   1 |   3,   2,   2,   2,   2,   2,   2,   0,   0,   0,   0,   0,   0, 
 22: 6   5   4   3   2 |   3,   3,   2,   2,   2,   2,   2,   0,   0,   0,   0,   0,   0, 
 23: 7   6   5   4   3 |   3,   3,   3,   2,   2,   2,   2,   0,   0,   0,   0,   0,   0, 
 24: 0   7   6   5   4 |   3,   3,   3,   3,   2,   2,   2,   0,   0,   0,   0,   0,   0, 
 25: 1   0   7   6   5 |   3,   3,   3,   3,   3,   2,   2,   0,   0,   0,   0,   0,   0, 
 26: 2   1   0   7   6 |   3,   3,   3,   3,   3,   3,   2,   0,   0,   0,   0,   0,   0, 
 27: 3   2   1   0   7 |   3,   3,   3,   3,   3,   3,   2,   0,   0,   0,   0,   0,   0, 
 28: 4   3   2   1   0 |   3,   3,   3,   3,   3,   3,   3,   0,   0,   0,   0,   0,   0, 
 29: 5   4   3   2   1 |   4,   3,   3,   3,   3,   3,   3,   0,   0,   0,   0,   0,   0, 
 30: 6   5   4   3   2 |   4,   4,   3,   3,   3,   3,   3,   0,   0,   0,   0,   0,   0, 
 31: 7   6   5   4   3 |   4,   4,   4,   3,   3,   3,   3,   0,   0,   0,   0,   0,   0, 
 32: 0   7   6   5   4 |   4,   4,   4,   4,   3,   3,   3,   0,   0,   0,   0,   0,   0, 
 33: 1   0   7   6   5 |   4,   4,   4,   4,   4,   3,   3,   0,   0,   0,   0,   0,   0, 
 34: 2   1   0   7   6 |   4,   4,   4,   4,   4,   4,   3,   0,   0,   0,   0,   0,   0, 
 35: 3   2   1   0   7 |   4,   4,   4,   4,   4,   4,   3,   0,   0,   0,   0,   0,   0, 
 36: 4   3   2   1   0 |   4,   4,   4,   4,   4,   4,   4,   0,   0,   0,   0,   0,   0, 
 37: 5   4   3   2   1 |   5,   4,   4,   4,   4,   4,   4,   0,   0,   0,   0,   0,   0, 
 38: 6   5   4   3   2 |   5,   5,   4,   4,   4,   4,   4,   0,   0,   0,   0,   0,   0, 
 39: 7   6   5   4   3 |   5,   5,   5,   4,   4,   4,   4,   0,   0,   0,   0,   0,   0, 
 40: 0   7   6   5   4 |   5,   5,   5,   5,   4,   4,   4,   0,   0,   0,   0,   0,   0, 
 41: 1   0   7   6   5 |   5,   5,   5,   5,   5,   4,   4,   0,   0,   0,   0,   0,   0, 
 42: 2   1   0   7   6 |   5,   5,   5,   5,   5,   5,   4,   0,   0,   0,   0,   0,   0, 
 43: 3   2   1   0   7 |   5,   5,   5,   5,   5,   5,   4,   0,   0,   0,   0,   0,   0, 
 44: 4   3   2   1   0 |   5,   5,   5,   5,   5,   5,   5,   0,   0,   0,   0,   0,   0, 
 45: 5   4   3   2   1 |   6,   5,   5,   5,   5,   5,   5,   0,   0,   0,   0,   0,   0, 
 46: 6   5   4   3   2 |   6,   6,   5,   5,   5,   5,   5,   0,   0,   0,   0,   0,   0, 
 47: 7   6   5   4   3 |   6,   6,   6,   5,   5,   5,   5,   0,   0,   0,   0,   0,   0, 
 48: 0   7   6   5   4 |   6,   6,   6,   6,   5,   5,   5,   0,   0,   0,   0,   0,   0, 
 49: 1   0   7   6   5 |   6,   6,   6,   6,   6,   5,   5,   0,   0,   0,   0,   0,   0, 
 50: 2   1   0   7   6 |   6,   6,   6,   6,   6,   6,   5,   0,   0,   0,   0,   0,   0, 
 51: 3   2   1   0   7 |   6,   6,   6,   6,   6,   6,   5,   0,   0,   0,   0,   0,   0, 
 52: 4   3   2   1   0 |   6,   6,   6,   6,   6,   6,   6,   0,   0,   0,   0,   0,   0, 
 53: 5   4   3   2   1 |   7,   6,   6,   6,   6,   6,   6,   0,   0,   0,   0,   0,   0, 
 54: 6   5   4   3   2 |   7,   7,   6,   6,   6,   6,   6,   0,   0,   0,   0,   0,   0, 
 55: 7   6   5   4   3 |   7,   7,   7,   6,   6,   6,   6,   0,   0,   0,   0,   0,   0, 
 56: 0   7   6   5   4 |   7,   7,   7,   7,   6,   6,   6,   0,   0,   0,   0,   0,   0, 
 57: 1   0   7   6   5 |   7,   7,   7,   7,   7,   6,   6,   0,   0,   0,   0,   0,   0, 
 58: 2   1   0   7   6 |   7,   7,   7,   7,   7,   7,   6,   0,   0,   0,   0,   0,   0, 
 59: 3   2   1   0   7 |   7,   7,   7,   7,   7,   7,   6,   0,   0,   0,   0,   0,   0, 
 60: 4   3   2   1   0 |   7,   7,   7,   7,   7,   7,   7,   0,   0,   0,   0,   0,   0, 
 61: 5   4   3   2   1 |   8,   7,   7,   7,   7,   7,   7,   0,   0,   0,   0,   0,   0, 
 62: 6   5   4   3   2 |   8,   8,   7,   7,   7,   7,   7,   0,   0,   0,   0,   0,   0, 
 63: 7   6   5   4   3 |   8,   8,   8,   7,   7,   7,   7,   0,   0,   0,   0,   0,   0, 
 64: 0   7   6   5   4 |   8,   8,   8,   8,   7,   7,   7,   0,   0,   0,   0,   0,   0, 
 65: 1   0   7   6   5 |   8,   8,   8,   8,   8,   7,   7,   0,   0,   0,   0,   0,   0, 
 66: 2   1   0   7   6 |   8,   8,   8,   8,   8,   8,   7,   0,   0,   0,   0,   0,   0, 
 67: 3   2   1   0   7 |   8,   8,   8,   8,   8,   8,   7,   0,   0,   0,   0,   0,   0, 
 68: 4   3   2   1   0 |   8,   8,   8,   8,   8,   8,   8,   0,   0,   0,   0,   0,   0, 
 69: 5   4   3   2   1 |   9,   8,   8,   8,   8,   8,   8,   0,   0,   0,   0,   0,   0, 
 70: 6   5   4   3   2 |   9,   9,   8,   8,   8,   8,   8,   0,   0,   0,   0,   0,   0, 
 71: 7   6   5   4   3 |   9,   9,   9,   8,   8,   8,   8,   0,   0,   0,   0,   0,   0, 
 72: 0   7   6   5   4 |   9,   9,   9,   9,   8,   8,   8,   0,   0,   0,   0,   0,   0, 
 73: 1   0   7   6   5 |   9,   9,   9,   9,   9,   8,   8,   0,   0,   0,   0,   0,   0, 
 74: 2   1   0   7   6 |   9,   9,   9,   9,   9,   9,   8,   0,   0,   0,   0,   0,   0, 
 75: 3   2   1   0   7 |   9,   9,   9,   9,   9,   9,   8,   0,   0,   0,   0,   0,   0, 
 76: 4   3   2   1   0 |   9,   9,   9,   9,   9,   9,   9,   0,   0,   0,   0,   0,   0, 
 77: 5   4   3   2   1 |   A,   9,   9,   9,   9,   9,   9,   0,   0,   0,   0,   0,   0, 
 78: 6   5   4   3   2 |   A,   A,   9,   9,   9,   9,   9,   0,   0,   0,   0,   0,   0, 
 79: 7   6   5   4   3 |   A,   A,   A,   9,   9,   9,   9,   0,   0,   0,   0,   0,   0, 
 80: 0   7   6   5   4 |   A,   A,   A,   A,   9,   9,   9,   0,   0,   0,   0,   0,   0, 
 81: 1   0   7   6   5 |   A,   A,   A,   A,   A,   9,   9,   0,   0,   0,   0,   0,   0, 
 82: 2   1   0   7   6 |   A,   A,   A,   A,   A,   A,   9,   0,   0,   0,   0,   0,   0, 
 83: 3   2   1   0   7 |   A,   A,   A,   A,   A,   A,   9,   0,   0,   0,   0,   0,   0, 
 84: 4   3   2   1   0 |   A,   A,   A,   A,   A,   A,   A,   0,   0,   0,   0,   0,   0, 
 85: 5   4   3   2   1 |   B,   A,   A,   A,   A,   A,   A,   0,   0,   0,   0,   0,   0, 
 86: 6   5   4   3   2 |   B,   B,   A,   A,   A,   A,   A,   0,   0,   0,   0,   0,   0, 
 87: 7   6   5   4   3 |   B,   B,   B,   A,   A,   A,   A,   0,   0,   0,   0,   0,   0, 
 88: 0   7   6   5   4 |   B,   B,   B,   B,   A,   A,   A,   0,   0,   0,   0,   0,   0, 
 89: 1   0   7   6   5 |   B,   B,   B,   B,   B,   A,   A,   0,   0,   0,   0,   0,   0, 
 90: 2   1   0   7   6 |   B,   B,   B,   B,   B,   B,   A,   0,   0,   0,   0,   0,   0, 
 91: 3   2   1   0   7 |   B,   B,   B,   B,   B,   B,   A,   0,   0,   0,   0,   0,   0, 
 92: 4   3   2   1   0 |   B,   B,   B,   B,   B,   B,   B,   0,   0,   0,   0,   0,   0, 
 93: 5   4   3   2   1 |   C,   B,   B,   B,   B,   B,   B,   0,   0,   0,   0,   0,   0, 
 94: 6   5   4   3   2 |   C,   C,   B,   B,   B,   B,   B,   0,   0,   0,   0,   0,   0, 
 95: 7   6   5   4   3 |   C,   C,   C,   B,   B,   B,   B,   0,   0,   0,   0,   0,   0, 
 96: 0   7   6   5   4 |   C,   C,   C,   C,   B,   B,   B,   0,   0,   0,   0,   0,   0, 
 97: 1   0   7   6   5 |   C,   C,   C,   C,   C,   B,   B,   0,   0,   0,   0,   0,   0, 
 98: 2   1   0   7   6 |   C,   C,   C,   C,   C,   C,   B,   0,   0,   0,   0,   0,   0, 
 99: 3   2   1   0   7 |   C,   C,   C,   C,   C,   C,   B,   0,   0,   0,   0,   0,   0, 
100: 4   3   2   1   0 |   C,   C,   C,   C,   C,   C,   C,   0,   0,   0,   0,   0,   0, 
101: 5   4   3   2   1 |   D,   C,   C,   C,   C,   C,   C,   0,   0,   0,   0,   0,   0, 
102: 6   5   4   3   2 |   D,   D,   C,   C,   C,   C,   C,   0,   0,   0,   0,   0,   0, 
103: 7   6   5   4   3 |   D,   D,   D,   C,   C,   C,   C,   0,   0,   0,   0,   0,   0, 
104: 0   7   6   5   4 |   D,   D,   D,   D,   C,   C,   C,   0,   0,   0,   0,   0,   0, 
105: 1   0   7   6   5 |   D,   D,   D,   D,   D,   C,   C,   0,   0,   0,   0,   0,   0, 
106: 2   1   0   7   6 |   D,   D,   D,   D,   D,   D,   C,   0,   0,   0,   0,   0,   0, 
107: 3   2   1   0   7 |   D,   D,   D,   D,   D,   D,   C,   0,   0,   0,   0,   0,   0, 
108: 4   3   2   1   0 |   D,   D,   D,   D,   D,   D,   D,   0,   0,   0,   0,   0,   0, 
109: 5   4   3   2   1 |   E,   D,   D,   D,   D,   D,   D,   0,   0,   0,   0,   0,   0, 
110: 6   5   4   3   2 |   E,   E,   D,   D,   D,   D,   D,   0,   0,   0,   0,   0,   0, 
111: 7   6   5   4   3 |   E,   E,   E,   D,   D,   D,   D,   0,   0,   0,   0,   0,   0, 
112: 0   7   6   5   4 |   E,   E,   E,   E,   D,   D,   D,   0,   0,   0,   0,   0,   0, 
113: 1   0   7   6   5 |   E,   E,   E,   E,   E,   D,   D,   0,   0,   0,   0,   0,   0, 
114: 2   1   0   7   6 |   E,   E,   E,   E,   E,   E,   D,   0,   0,   0,   0,   0,   0, 
115: 3   2   1   0   7 |   E,   E,   E,   E,   E,   E,   D,   0,   0,   0,   0,   0,   0, 
116: 4   3   2   1   0 |   E,   E,   E,   E,   E,   E,   E,   0,   0,   0,   0,   0,   0, 
117: 5   4   3   2   1 |   F,   E,   E,   E,   E,   E,   E,   0,   0,   0,   0,   0,   0, 
118: 6   5   4   3   2 |   F,   F,   E,   E,   E,   E,   E,   0,   0,   0,   0,   0,   0, 
119: 7   6   5   4   3 |   F,   F,   F,   E,   E,   E,   E,   0,   0,   0,   0,   0,   0, 
120: 0   7   6   5   4 |   F,   F,   F,   F,   E,   E,   E,   0,   0,   0,   0,   0,   0, 
121: 1   0   7   6   5 |   F,   F,   F,   F,   F,   E,   E,   0,   0,   0,   0,   0,   0, 
122: 2   1   0   7   6 |   F,   F,   F,   F,   F,   F,   E,   0,   0,   0,   0,   0,   0, 
123: 3   2   1   0   7 |   F,   F,   F,   F,   F,   F,   E,   0,   0,   0,   0,   0,   0, 
124: 4   3   2   1   0 |   F,   F,   F,   F,   F,   F,   F,   0,   0,   0,   0,   0,   0, 
125: 5   4   3   2   1 |  10,   F,   F,   F,   F,   F,   F,   0,   0,   0,   0,   0,   0, 
126: 6   5   4   3   2 |  10,  10,   F,   F,   F,   F,   F,   0,   0,   0,   0,   0,   0, 
127: 7   6   5   4   3 |  10,  10,  10,   F,   F,   F,   F,   0,   0,   0,   0,   0,   0, 
128: 0   7   6   5   4 |  10,  10,  10,  10,   F,   F,   F,   0,   0,   0,   0,   0,   0, 
129: 1   0   7   6   5 |  10,  10,  10,  10,  10,   F,   F,   0,   0,   0,   0,   0,   0, 
130: 2   1   0   7   6 |  10,  10,  10,  10,  10,  10,   F,   0,   0,   0,   0,   0,   0, 
131: 3   2   1   0   7 |  10,  10,  10,  10,  10,  10,   F,   0,   0,   0,   0,   0,   0, 
132: 4   3   2   1   0 |  10,  10,  10,  10,  10,  10,  10,   0,   0,   0,   0,   0,   0, 
133: 5   4   3   2   1 |  11,  10,  10,  10,  10,  10,  10,   0,   0,   0,   0,   0,   0, 
134: 6   5   4   3   2 |  11,  11,  10,  10,  10,  10,  10,   0,   0,   0,   0,   0,   0, 
135: 7   6   5   4   3 |  11,  11,  11,  10,  10,  10,  10,   0,   0,   0,   0,   0,   0, 
136: 0   7   6   5   4 |  11,  11,  11,  11,  10,  10,  10,   0,   0,   0,   0,   0,   0, 
137: 1   0   7   6   5 |  11,  11,  11,  11,  11,  10,  10,   0,   0,   0,   0,   0,   0, 
138: 2   1   0   7   6 |  11,  11,  11,  11,  11,  11,  10,   0,   0,   0,   0,   0,   0, 
139: 3   2   1   0   7 |  11,  11,  11,  11,  11,  11,  10,   0,   0,   0,   0,   0,   0, 
140: 4   3   2   1   0 |  11,  11,  11,  11,  11,  11,  11,   0,   0,   0,   0,   0,   0, 
141: 5   4   3   2   1 |  12,  11,  11,  11,  11,  11,  11,   0,   0,   0,   0,   0,   0, 
142: 6   5   4   3   2 |  12,  12,  11,  11,  11,  11,  11,   0,   0,   0,   0,   0,   0, 
143: 7   6   5   4   3 |  12,  12,  12,  11,  11,  11,  11,   0,   0,   0,   0,   0,   0, 
144: 0   7   6   5   4 |  12,  12,  12,  12,  11,  11,  11,   0,   0,   0,   0,   0,   0, 
145: 1   0   7   6   5 |  12,  12,  12,  12,  12,  11,  11,   0,   0,   0,   0,   0,   0, 
146: 2   1   0   7   6 |  12,  12,  12,  12,  12,  12,  11,   0,   0,   0,   0,   0,   0, 
147: 3   2   1   0   7 |  12,  12,  12,  12,  12,  12,  11,   0,   0,   0,   0,   0,   0, 
148: 4   3   2   1   0 |  12,  12,  12,  12,  12,  12,  12,   0,   0,   0,   0,   0,   0, 
149: 5   4   3   2   1 |  13,  12,  12,  12,  12,  12,  12,   0,   0,   0,   0,   0,   0, 
150: 6   5   4   3   2 |  13,  13,  12,  12,  12,  12,  12,   0,   0,   0,   0,   0,   0, 
151: 7   6   5   4   3 |  13,  13,  13,  12,  12,  12,  12,   0,   0,   0,   0,   0,   0, 
152: 0   7   6   5   4 |  13,  13,  13,  13,  12,  12,  12,   0,   0,   0,   0,   0,   0, 
153: 1   0   7   6   5 |  13,  13,  13,  13,  13,  12,  12,   0,   0,   0,   0,   0,   0, 
154: 2   1   0   7   6 |  13,  13,  13,  13,  13,  13,  12,   0,   0,   0,   0,   0,   0, 
155: 3   2   1   0   7 |  13,  13,  13,  13,  13,  13,  12,   0,   0,   0,   0,   0,   0, 
156: 4   3   2   1   0 |  13,  13,  13,  13,  13,  13,  13,   0,   0,   0,   0,   0,   0, 
157: 5   4   3   2   1 |  14,  13,  13,  13,  13,  13,  13,   0,   0,   0,   0,   0,   0, 
158: 6   5   4   3   2 |  14,  14,  13,  13,  13,  13,  13,   0,   0,   0,   0,   0,   0, 
159: 7   6   5   4   3 |  14,  14,  14,  13,  13,  13,  13,   0,   0,   0,   0,   0,   0, 
160: 0   7   6   5   4 |  14,  14,  14,  14,  13,  13,  13,   0,   0,   0,   0,   0,   0, 
161: 1   0   7   6   5 |  14,  14,  14,  14,  14,  13,  13,   0,   0,   0,   0,   0,   0, 
162: 2   1   0   7   6 |  14,  14,  14,  14,  14,  14,  13,   0,   0,   0,   0,   0,   0, 
163: 3   2   1   0   7 |  14,  14,  14,  14,  14,  14,  13,   0,   0,   0,   0,   0,   0, 
164: 4   3   2   1   0 |  14,  14,  14,  14,  14,  14,  14,   0,   0,   0,   0,   0,   0, 
165: 5   4   3   2   1 |  15,  14,  14,  14,  14,  14,  14,   0,   0,   0,   0,   0,   0, 
166: 6   5   4   3   2 |  15,  15,  14,  14,  14,  14,  14,   0,   0,   0,   0,   0,   0, 
167: 7   6   5   4   3 |  15,  15,  15,  14,  14,  14,  14,   0,   0,   0,   0,   0,   0, 
168: 0   7   6   5   4 |  15,  15,  15,  15,  14,  14,  14,   0,   0,   0,   0,   0,   0, 
169: 1   0   7   6   5 |  15,  15,  15,  15,  15,  14,  14,   0,   0,   0,   0,   0,   0, 
170: 2   1   0   7   6 |  15,  15,  15,  15,  15,  15,  14,   0,   0,   0,   0,   0,   0, 
171: 3   2   1   0   7 |  15,  15,  15,  15,  15,  15,  14,   0,   0,   0,   0,   0,   0, 
172: 4   3   2   1   0 |  15,  15,  15,  15,  15,  15,  15,   0,   0,   0,   0,   0,   0, 
173: 5   4   3   2   1 |  16,  15,  15,  15,  15,  15,  15,   0,   0,   0,   0,   0,   0, 
174: 6   5   4   3   2 |  16,  16,  15,  15,  15,  15,  15,   0,   0,   0,   0,   0,   0, 
175: 7   6   5   4   3 |  16,  16,  16,  15,  15,  15,  15,   0,   0,   0,   0,   0,   0, 
176: 0   7   6   5   4 |  16,  16,  16,  16,  15,  15,  15,   0,   0,   0,   0,   0,   0, 
177: 1   0   7   6   5 |  16,  16,  16,  16,  16,  15,  15,   0,   0,   0,   0,   0,   0, 
178: 2   1   0   7   6 |  16,  16,  16,  16,  16,  16,  15,   0,   0,   0,   0,   0,   0, 
179: 3   2   1   0   7 |  16,  16,  16,  16,  16,  16,  15,   0,   0,   0,   0,   0,   0, 
180: 4   3   2   1   0 |  16,  16,  16,  16,  16,  16,  16,   0,   0,   0,   0,   0,   0, 
181: 5   4   3   2   1 |  17,  16,  16,  16,  16,  16,  16,   0,   0,   0,   0,   0,   0, 
182: 6   5   4   3   2 |  17,  17,  16,  16,  16,  16,  16,   0,   0,   0,   0,   0,   0, 
183: 7   6   5   4   3 |  17,  17,  17,  16,  16,  16,  16,   0,   0,   0,   0,   0,   0, 
184: 0   7   6   5   4 |  17,  17,  17,  17,  16,  16,  16,   0,   0,   0,   0,   0,   0, 
185: 1   0   7   6   5 |  17,  17,  17,  17,  17,  16,  16,   0,   0,   0,   0,   0,   0, 
186: 2   1   0   7   6 |  17,  17,  17,  17,  17,  17,  16,   0,   0,   0,   0,   0,   0, 
187: 3   2   1   0   7 |  17,  17,  17,  17,  17,  17,  16,   0,   0,   0,   0,   0,   0, 
188: 4   3   2   1   0 |  17,  17,  17,  17,  17,  17,  17,   0,   0,   0,   0,   0,   0, 
189: 5   4   3   2   1 |  18,  17,  17,  17,  17,  17,  17,   0,   0,   0,   0,   0,   0, 
190: 6   5   4   3   2 |  18,  18,  17,  17,  17,  17,  17,   0,   0,   0,   0,   0,   0, 
191: 7   6   5   4   3 |  18,  18,  18,  17,  17,  17,  17,   0,   0,   0,   0,   0,   0, 
192: 0   7   6   5   4 |  18,  18,  18,  18,  17,  17,  17,   0,   0,   0,   0,   0,   0, 
193: 1   0   7   6   5 |  18,  18,  18,  18,  18,  17,  17,   0,   0,   0,   0,   0,   0, 
194: 2   1   0   7   6 |  18,  18,  18,  18,  18,  18,  17,   0,   0,   0,   0,   0,   0, 
195: 3   2   1   0   7 |  18,  18,  18,  18,  18,  18,  17,   0,   0,   0,   0,   0,   0, 
196: 4   3   2   1   0 |  18,  18,  18,  18,  18,  18,  18,   0,   0,   0,   0,   0,   0, 
197: 5   4   3   2   1 |  19,  18,  18,  18,  18,  18,  18,   0,   0,   0,   0,   0,   0, 
198: 6   5   4   3   2 |  19,  19,  18,  18,  18,  18,  18,   0,   0,   0,   0,   0,   0, 
199: 7   6   5   4   3 |  19,  19,  19,  18,  18,  18,  18,   0,   0,   0,   0,   0,   0, 
200: 0   7   6   5   4 |  19,  19,  19,  19,  18,  18,  18,   0,   0,   0,   0,   0,   0, 
201: 1   0   7   6   5 |  19,  19,  19,  19,  19,  18,  18,   0,   0,   0,   0,   0,   0, 
202: 2   1   0   7   6 |  19,  19,  19,  19,  19,  19,  18,   0,   0,   0,   0,   0,   0, 
203: 3   2   1   0   7 |  19,  19,  19,  19,  19,  19,  18,   0,   0,   0,   0,   0,   0, 
204: 4   3   2   1   0 |  19,  19,  19,  19,  19,  19,  19,   0,   0,   0,   0,   0,   0, 
205: 5   4   3   2   1 |  1A,  19,  19,  19,  19,  19,  19,   0,   0,   0,   0,   0,   0, 
206: 6   5   4   3   2 |  1A,  1A,  19,  19,  19,  19,  19,   0,   0,   0,   0,   0,   0, 
207: 7   6   5   4   3 |  1A,  1A,  1A,  19,  19,  19,  19,   0,   0,   0,   0,   0,   0, 
208: 0   7   6   5   4 |  1A,  1A,  1A,  1A,  19,  19,  19,   0,   0,   0,   0,   0,   0, 
209: 1   0   7   6   5 |  1A,  1A,  1A,  1A,  1A,  19,  19,   0,   0,   0,   0,   0,   0, 
210: 2   1   0   7   6 |  1A,  1A,  1A,  1A,  1A,  1A,  19,   0,   0,   0,   0,   0,   0, 
211: 3   2   1   0   7 |  1A,  1A,  1A,  1A,  1A,  1A,  19,   0,   0,   0,   0,   0,   0, 
212: 4   3   2   1   0 |  1A,  1A,  1A,  1A,  1A,  1A,  1A,   0,   0,   0,   0,   0,   0, 
213: 5   4   3   2   1 |  1B,  1A,  1A,  1A,  1A,  1A,  1A,   0,   0,   0,   0,   0,   0, 
214: 6   5   4   3   2 |  1B,  1B,  1A,  1A,  1A,  1A,  1A,   0,   0,   0,   0,   0,   0, 
215: 7   6   5   4   3 |  1B,  1B,  1B,  1A,  1A,  1A,  1A,   0,   0,   0,   0,   0,   0, 
216: 0   7   6   5   4 |  1B,  1B,  1B,  1B,  1A,  1A,  1A,   0,   0,   0,   0,   0,   0, 
217: 1   0   7   6   5 |  1B,  1B,  1B,  1B,  1B,  1A,  1A,   0,   0,   0,   0,   0,   0, 
218: 2   1   0   7   6 |  1B,  1B,  1B,  1B,  1B,  1B,  1A,   0,   0,   0,   0,   0,   0, 
219: 3   2   1   0   7 |  1B,  1B,  1B,  1B,  1B,  1B,  1A,   0,   0,   0,   0,   0,   0, 
220: 4   3   2   1   0 |  1B,  1B,  1B,  1B,  1B,  1B,  1B,   0,   0,   0,   0,   0,   0, 
221: 5   4   3   2   1 |  1C,  1B,  1B,  1B,  1B,  1B,  1B,   0,   0,   0,   0,   0,   0, 
222: 6   5   4   3   2 |  1C,  1C,  1B,  1B,  1B,  1B,  1B,   0,   0,   0,   0,   0,   0, 
223: 7   6   5   4   3 |  1C,  1C,  1C,  1B,  1B,  1B,  1B,   0,   0,   0,   0,   0,   0, 
224: 0   7   6   5   4 |  1C,  1C,  1C,  1C,  1B,  1B,  1B,   0,   0,   0,   0,   0,   0, 
225: 1   0   7   6   5 |  1C,  1C,  1C,  1C,  1C,  1B,  1B,   0,   0,   0,   0,   0,   0, 
226: 2   1   0   7   6 |  1C,  1C,  1C,  1C,  1C,  1C,  1B,   0,   0,   0,   0,   0,   0, 
227: 3   2   1   0   7 |  1C,  1C,  1C,  1C,  1C,  1C,  1B,   0,   0,   0,   0,   0,   0, 
228: 4   3   2   1   0 |  1C,  1C,  1C,  1C,  1C,  1C,  1C,   0,   0,   0,   0,   0,   0, 
229: 5   4   3   2   1 |  1D,  1C,  1C,  1C,  1C,  1C,  1C,   0,   0,   0,   0,   0,   0, 
230: 6   5   4   3   2 |  1D,  1D,  1C,  1C,  1C,  1C,  1C,   0,   0,   0,   0,   0,   0, 
231: 7   6   5   4   3 |  1D,  1D,  1D,  1C,  1C,  1C,  1C,   0,   0,   0,   0,   0,   0, 
232: 0   7   6   5   4 |  1D,  1D,  1D,  1D,  1C,  1C,  1C,   0,   0,   0,   0,   0,   0, 
233: 1   0   7   6   5 |  1D,  1D,  1D,  1D,  1D,  1C,  1C,   0,   0,   0,   0,   0,   0, 
234: 2   1   0   7   6 |  1D,  1D,  1D,  1D,  1D,  1D,  1C,   0,   0,   0,   0,   0,   0, 
235: 3   2   1   0   7 |  1D,  1D,  1D,  1D,  1D,  1D,  1C,   0,   0,   0,   0,   0,   0, 
236: 4   3   2   1   0 |  1D,  1D,  1D,  1D,  1D,  1D,  1D,   0,   0,   0,   0,   0,   0, 
237: 5   4   3   2   1 |  1E,  1D,  1D,  1D,  1D,  1D,  1D,   0,   0,   0,   0,   0,   0, 
238: 6   5   4   3   2 |  1E,  1E,  1D,  1D,  1D,  1D,  1D,   0,   0,   0,   0,   0,   0, 
239: 7   6   5   4   3 |  1E,  1E,  1E,  1D,  1D,  1D,  1D,   0,   0,   0,   0,   0,   0, 
240: 0   7   6   5   4 |  1E,  1E,  1E,  1E,  1D,  1D,  1D,   0,   0,   0,   0,   0,   0, 
241: 1   0   7   6   5 |  1E,  1E,  1E,  1E,  1E,  1D,  1D,   0,   0,   0,   0,   0,   0, 
242: 2   1   0   7   6 |  1E,  1E,  1E,  1E,  1E,  1E,  1D,   0,   0,   0,   0,   0,   0, 
243: 3   2   1   0   7 |  1E,  1E,  1E,  1E,  1E,  1E,  1D,   0,   0,   0,   0,   0,   0, 
244: 4   3   2   1   0 |  1E,  1E,  1E,  1E,  1E,  1E,  1E,   0,   0,   0,   0,   0,   0, 
245: 5   4   3   2   1 |  1F,  1E,  1E,  1E,  1E,  1E,  1E,   0,   0,   0,   0,   0,   0, 
246: 6   5   4   3   2 |  1F,  1F,  1E,  1E,  1E,  1E,  1E,   0,   0,   0,   0,   0,   0, 
247: 7   6   5   4   3 |  1F,  1F,  1F,  1E,  1E,  1E,  1E,   0,   0,   0,   0,   0,   0, 
248: 0   7   6   5   4 |  1F,  1F,  1F,  1F,  1E,  1E,  1E,   0,   0,   0,   0,   0,   0, 
249: 1   0   7   6   5 |  1F,  1F,  1F,  1F,  1F,  1E,  1E,   0,   0,   0,   0,   0,   0, 
250: 2   1   0   7   6 |  1F,  1F,  1F,  1F,  1F,  1F,  1E,   0,   0,   0,   0,   0,   0, 
251: 3   2   1   0   7 |  1F,  1F,  1F,  1F,  1F,  1F,  1E,   0,   0,   0,   0,   0,   0, 
252: 4   3   2   1   0 |  1F,  1F,  1F,  1F,  1F,  1F,  1F,   0,   0,   0,   0,   0,   0, 
253: 5   4   3   2   1 |  20,  1F,  1F,  1F,  1F,  1F,  1F,   0,   0,   0,   0,   0,   0, 
254: 6   5   4   3   2 |  20,  20,  1F,  1F,  1F,  1F,  1F,   0,   0,   0,   0,   0,   0, 
255: 7   6   5   4   3 |  20,  20,  20,  1F,  1F,  1F,  1F,   0,   0,   0,   0,   0,   0, 
256: 0   7   6   5   4 |  20,  20,  20,  20,  1F,  1F,  1F,   0,   0,   0,   0,   0,   0, 
257: 1   0   7   6   5 |  20,  20,  20,  20,  20,  1F,  1F,   0,   0,   0,   0,   0,   0, 
258: 2   1   0   7   6 |  20,  20,  20,  20,  20,  20,  1F,   0,   0,   0,   0,   0,   0, 
259: 3   2   1   0   7 |  20,  20,  20,  20,  20,  20,  1F,   0,   0,   0,   0,   0,   0, 
260: 4   3   2   1   0 |  20,  20,  20,  20,  20,  20,  20,   0,   0,   0,   0,   0,   0, 
261: 5   4   3   2   1 |  21,  20,  20,  20,  20,  20,  20,   0,   0,   0,   0,   0,   0, 
262: 6   5   4   3   2 |  21,  21,  20,  20,  20,  20,  20,   0,   0,   0,   0,   0,   0, 
263: 7   6   5   4   3 |  21,  21,  21,  20,  20,  20,  20,   0,   0,   0,   0,   0,   0, 
264: 0   7   6   5   4 |  21,  21,  21,  21,  20,  20,  20,   0,   0,   0,   0,   0,   0, 
265: 1   0   7   6   5 |  21,  21,  21,  21,  21,  20,  20,   0,   0,   0,   0,   0,   0, 
266: 2   1   0   7   6 |  21,  21,  21,  21,  21,  21,  20,   0,   0,   0,   0,   0,   0, 
267: 3   2   1   0   7 |  21,  21,  21,  21,  21,  21,  20,   0,   0,   0,   0,   0,   0, 
268: 4   3   2   1   0 |  21,  21,  21,  21,  21,  21,  21,   0,   0,   0,   0,   0,   0, 
269: 5   4   3   2   1 |  22,  21,  21,  21,  21,  21,  21,   0,   0,   0,   0,   0,   0, 
270: 6   5   4   3   2 |  22,  22,  21,  21,  21,  21,  21,   0,   0,   0,   0,   0,   0, 
271: 7   6   5   4   3 |  22,  22,  22,  21,  21,  21,  21,   0,   0,   0,   0,   0,   0, 
272: 0   7   6   5   4 |  22,  22,  22,  22,  21,  21,  21,   0,   0,   0,   0,   0,   0, 
273: 1   0   7   6   5 |  22,  22,  22,  22,  22,  21,  21,   0,   0,   0,   0,   0,   0, 
274: 2   1   0   7   6 |  22,  22,  22,  22,  22,  22,  21,   0,   0,   0,   0,   0,   0, 
275: 3   2   1   0   7 |  22,  22,  22,  22,  22,  22,  21,   0,   0,   0,   0,   0,   0, 
276: 4   3   2   1   0 |  22,  22,  22,  22,  22,  22,  22,   0,   0,   0,   0,   0,   0, 
277: 5   4   3   2   1 |  23,  22,  22,  22,  22,  22,  22,   0,   0,   0,   0,   0,   0, 
278: 6   5   4   3   2 |  23,  23,  22,  22,  22,  22,  22,   0,   0,   0,   0,   0,   0, 
279: 7   6   5   4   3 |  23,  23,  23,  22,  22,  22,  22,   0,   0,   0,   0,   0,   0, 
280: 0   7   6   5   4 |  23,  23,  23,  23,  22,  22,  22,   0,   0,   0,   0,   0,   0, 
281: 1   0   7   6   5 |  23,  23,  23,  23,  23,  22,  22,   0,   0,   0,   0,   0,   0, 
282: 2   1   0   7   6 |  23,  23,  23,  23,  23,  23,  22,   0,   0,   0,   0,   0,   0, 
283: 3   2   1   0   7 |  23,  23,  23,  23,  23,  23,  22,   0,   0,   0,   0,   0,   0, 
284: 4   3   2   1   0 |  23,  23,  23,  23,  23,  23,  23,   0,   0,   0,   0,   0,   0, 
285: 5   4   3   2   1 |  24,  23,  23,  23,  23,  23,  23,   0,   0,   0,   0,   0,   0, 
286: 6   5   4   3   2 |  24,  24,  23,  23,  23,  23,  23,   0,   0,   0,   0,   0,   0, 
287: 7   6   5   4   3 |  24,  24,  24,  23,  23,  23,  23,   0,   0,   0,   0,   0,   0, 
288: 0   7   6   5   4 |  24,  24,  24,  24,  23,  23,  23,   0,   0,   0,   0,   0,   0, 
289: 1   0   7   6   5 |  24,  24,  24,  24,  24,  23,  23,   0,   0,   0,   0,   0,   0, 
290: 2   1   0   7   6 |  24,  24,  24,  24,  24,  24,  23,   0,   0,   0,   0,   0,   0, 
291: 3   2   1   0   7 |  24,  24,  24,  24,  24,  24,  23,   0,   0,   0,   0,   0,   0, 
292: 4   3   2   1   0 |  24,  24,  24,  24,  24,  24,  24,   0,   0,   0,   0,   0,   0, 
293: 5   4   3   2   1 |  25,  24,  24,  24,  24,  24,  24,   0,   0,   0,   0,   0,   0, 
294: 6   5   4   3   2 |  25,  25,  24,  24,  24,  24,  24,   0,   0,   0,   0,   0,   0, 
295: 7   6   5   4   3 |  25,  25,  25,  24,  24,  24,  24,   0,   0,   0,   0,   0,   0, 
296: 0   7   6   5   4 |  25,  25,  25,  25,  24,  24,  24,   0,   0,   0,   0,   0,   0, 
297: 1   0   7   6   5 |  25,  25,  25,  25,  25,  24,  24,   0,   0,   0,   0,   0,   0, 
298: 2   1   0   7   6 |  25,  25,  25,  25,  25,  25,  24,   0,   0,   0,   0,   0,   0, 
299: 3   2   1   0   7 |  25,  25,  25,  25,  25,  25,  24,   0,   0,   0,   0,   0,   0, 
300: 4   3   2   1   0 |  25,  25,  25,  25,  25,  25,  25,   0,   0,   0,   0,   0,   0, 
301: 5   4   3   2   1 |  26,  25,  25,  25,  25,  25,  25,   0,   0,   0,   0,   0,   0, 
302: 6   5   4   3   2 |  26,  26,  25,  25,  25,  25,  25,   0,   0,   0,   0,   0,   0, 
303: 7   6   5   4   3 |  26,  26,  26,  25,  25,  25,  25,   0,   0,   0,   0,   0,   0, 
304: 0   7   6   5   4 |  26,  26,  26,  26,  25,  25,  25,   0,   0,   0,   0,   0,   0, 
305: 1   0   7   6   5 |  26,  26,  26,  26,  26,  25,  25,   0,   0,   0,   0,   0,   0, 
306: 2   1   0   7   6 |  26,  26,  26,  26,  26,  26,  25,   0,   0,   0,   0,   0,   0, 
307: 3   2   1   0   7 |  26,  26,  26,  26,  26,  26,  25,   0,   0,   0,   0,   0,   0, 
308: 4   3   2   1   0 |  26,  26,  26,  26,  26,  26,  26,   0,   0,   0,   0,   0,   0, 
309: 5   4   3   2   1 |  27,  26,  26,  26,  26,  26,  26,   0,   0,   0,   0,   0,   0, 
310: 6   5   4   3   2 |  27,  27,  26,  26,  26,  26,  26,   0,   0,   0,   0,   0,   0, 
311: 7   6   5   4   3 |  27,  27,  27,  26,  26,  26,  26,   0,   0,   0,   0,   0,   0, 
312: 0   7   6   5   4 |  27,  27,  27,  27,  26,  26,  26,   0,   0,   0,   0,   0,   0, 
313: 1   0   7   6   5 |  27,  27,  27,  27,  27,  26,  26,   0,   0,   0,   0,   0,   0, 
314: 2   1   0   7   6 |  27,  27,  27,  27,  27,  27,  26,   0,   0,   0,   0,   0,   0, 
315: 3   2   1   0   7 |  27,  27,  27,  27,  27,  27,  26,   0,   0,   0,   0,   0,   0, 
316: 4   3   2   1   0 |  27,  27,  27,  27,  27,  27,  27,   0,   0,   0,   0,   0,   0, 
317: 5   4   3   2   1 |  28,  27,  27,  27,  27,  27,  27,   0,   0,   0,   0,   0,   0, 
318: 6   5   4   3   2 |  28,  28,  27,  27,  27,  27,  27,   0,   0,   0,   0,   0,   0, 
319: 7   6   5   4   3 |  28,  28,  28,  27,  27,  27,  27,   0,   0,   0,   0,   0,   0, 
320: 0   7   6   5   4 |  28,  28,  28,  28,  27,  27,  27,   0,   0,   0,   0,   0,   0, 
321: 1   0   7   6   5 |  28,  28,  28,  28,  28,  27,  27,   0,   0,   0,   0,   0,   0, 
322: 2   1   0   7   6 |  28,  28,  28,  28,  28,  28,  27,   0,   0,   0,   0,   0,   0, 
323: 3   2   1   0   7 |  28,  28,  28,  28,  28,  28,  27,   0,   0,   0,   0,   0,   0, 
324: 4   3   2   1   0 |  28,  28,  28,  28,  28,  28,  28,   0,   0,   0,   0,   0,   0, 
325: 5   4   3   2   1 |  29,  28,  28,  28,  28,  28,  28,   0,   0,   0,   0,   0,   0, 
326: 6   5   4   3   2 |  29,  29,  28,  28,  28,  28,  28,   0,   0,   0,   0,   0,   0, 
327: 7   6   5   4   3 |  29,  29,  29,  28,  28,  28,  28,   0,   0,   0,   0,   0,   0, 
328: 0   7   6   5   4 |  29,  29,  29,  29,  28,  28,  28,   0,   0,   0,   0,   0,   0, 
329: 1   0   7   6   5 |  29,  29,  29,  29,  29,  28,  28,   0,   0,   0,   0,   0,   0, 
330: 2   1   0   7   6 |  29,  29,  29,  29,  29,  29,  28,   0,   0,   0,   0,   0,   0, 
331: 3   2   1   0   7 |  29,  29,  29,  29,  29,  29,  28,   0,   0,   0,   0,   0,   0, 
332: 4   3   2   1   0 |  29,  29,  29,  29,  29,  29,  29,   0,   0,   0,   0,   0,   0, 
333: 5   4   3   2   1 |  2A,  29,  29,  29,  29,  29,  29,   0,   0,   0,   0,   0,   0, 
334: 6   5   4   3   2 |  2A,  2A,  29,  29,  29,  29,  29,   0,   0,   0,   0,   0,   0, 
335: 7   6   5   4   3 |  2A,  2A,  2A,  29,  29,  29,  29,   0,   0,   0,   0,   0,   0, 
336: 0   7   6   5   4 |  2A,  2A,  2A,  2A,  29,  29,  29,   0,   0,   0,   0,   0,   0, 
337: 1   0   7   6   5 |  2A,  2A,  2A,  2A,  2A,  29,  29,   0,   0,   0,   0,   0,   0, 
338: 2   1   0   7   6 |  2A,  2A,  2A,  2A,  2A,  2A,  29,   0,   0,   0,   0,   0,   0, 
339: 3   2   1   0   7 |  2A,  2A,  2A,  2A,  2A,  2A,  29,   0,   0,   0,   0,   0,   0, 
340: 4   3   2   1   0 |  2A,  2A,  2A,  2A,  2A,  2A,  2A,   0,   0,   0,   0,   0,   0, 
341: 5   4   3   2   1 |  2B,  2A,  2A,  2A,  2A,  2A,  2A,   0,   0,   0,   0,   0,   0, 
342: 6   5   4   3   2 |  2B,  2B,  2A,  2A,  2A,  2A,  2A,   0,   0,   0,   0,   0,   0, 
343: 7   6   5   4   3 |  2B,  2B,  2B,  2A,  2A,  2A,  2A,   0,   0,   0,   0,   0,   0, 
344: 0   7   6   5   4 |  2B,  2B,  2B,  2B,  2A,  2A,  2A,   0,   0,   0,   0,   0,   0, 
345: 1   0   7   6   5 |  2B,  2B,  2B,  2B,  2B,  2A,  2A,   0,   0,   0,   0,   0,   0, 
346: 2   1   0   7   6 |  2B,  2B,  2B,  2B,  2B,  2B,  2A,   0,   0,   0,   0,   0,   0, 
347: 3   2   1   0   7 |  2B,  2B,  2B,  2B,  2B,  2B,  2A,   0,   0,   0,   0,   0,   0, 
348: 4   3   2   1   0 |  2B,  2B,  2B,  2B,  2B,  2B,  2B,   0,   0,   0,   0,   0,   0, 
349: 5   4   3   2   1 |  2C,  2B,  2B,  2B,  2B,  2B,  2B,   0,   0,   0,   0,   0,   0, 
350: 6   5   4   3   2 |  2C,  2C,  2B,  2B,  2B,  2B,  2B,   0,   0,   0,   0,   0,   0, 
351: 7   6   5   4   3 |  2C,  2C,  2C,  2B,  2B,  2B,  2B,   0,   0,   0,   0,   0,   0, 
352: 0   7   6   5   4 |  2C,  2C,  2C,  2C,  2B,  2B,  2B,   0,   0,   0,   0,   0,   0, 
353: 1   0   7   6   5 |  2C,  2C,  2C,  2C,  2C,  2B,  2B,   0,   0,   0,   0,   0,   0, 
354: 2   1   0   7   6 |  2C,  2C,  2C,  2C,  2C,  2C,  2B,   0,   0,   0,   0,   0,   0, 
355: 3   2   1   0   7 |  2C,  2C,  2C,  2C,  2C,  2C,  2B,   0,   0,   0,   0,   0,   0, 
356: 4   3   2   1   0 |  2C,  2C,  2C,  2C,  2C,  2C,  2C,   0,   0,   0,   0,   0,   0, 
357: 5   4   3   2   1 |  2D,  2C,  2C,  2C,  2C,  2C,  2C,   0,   0,   0,   0,   0,   0, 
358: 6   5   4   3   2 |  2D,  2D,  2C,  2C,  2C,  2C,  2C,   0,   0,   0,   0,   0,   0, 
359: 7   6   5   4   3 |  2D,  2D,  2D,  2C,  2C,  2C,  2C,   0,   0,   0,   0,   0,   0, 
360: 0   7   6   5   4 |  2D,  2D,  2D,  2D,  2C,  2C,  2C,   0,   0,   0,   0,   0,   0, 
361: 1   0   7   6   5 |  2D,  2D,  2D,  2D,  2D,  2C,  2C,   0,   0,   0,   0,   0,   0, 
362: 2   1   0   7   6 |  2D,  2D,  2D,  2D,  2D,  2D,  2C,   0,   0,   0,   0,   0,   0, 
363: 3   2   1   0   7 |  2D,  2D,  2D,  2D,  2D,  2D,  2C,   0,   0,   0,   0,   0,   0, 
364: 4   3   2   1   0 |  2D,  2D,  2D,  2D,  2D,  2D,  2D,   0,   0,   0,   0,   0,   0, 
365: 5   4   3   2   1 |  2E,  2D,  2D,  2D,  2D,  2D,  2D,   0,   0,   0,   0,   0,   0, 
366: 6   5   4   3   2 |  2E,  2E,  2D,  2D,  2D,  2D,  2D,   0,   0,   0,   0,   0,   0, 
367: 7   6   5   4   3 |  2E,  2E,  2E,  2D,  2D,  2D,  2D,   0,   0,   0,   0,   0,   0, 
368: 0   7   6   5   4 |  2E,  2E,  2E,  2E,  2D,  2D,  2D,   0,   0,   0,   0,   0,   0, 
369: 1   0   7   6   5 |  2E,  2E,  2E,  2E,  2E,  2D,  2D,   0,   0,   0,   0,   0,   0, 
370: 2   1   0   7   6 |  2E,  2E,  2E,  2E,  2E,  2E,  2D,   0,   0,   0,   0,   0,   0, 
371: 3   2   1   0   7 |  2E,  2E,  2E,  2E,  2E,  2E,  2D,   0,   0,   0,   0,   0,   0, 
372: 4   3   2   1   0 |  2E,  2E,  2E,  2E,  2E,  2E,  2E,   0,   0,   0,   0,   0,   0, 
373: 5   4   3   2   1 |  2F,  2E,  2E,  2E,  2E,  2E,  2E,   0,   0,   0,   0,   0,   0, 
374: 6   5   4   3   2 |  2F,  2F,  2E,  2E,  2E,  2E,  2E,   0,   0,   0,   0,   0,   0, 
375: 7   6   5   4   3 |  2F,  2F,  2F,  2E,  2E,  2E,  2E,   0,   0,   0,   0,   0,   0, 
376: 0   7   6   5   4 |  2F,  2F,  2F,  2F,  2E,  2E,  2E,   0,   0,   0,   0,   0,   0, 
377: 1   0   7   6   5 |  2F,  2F,  2F,  2F,  2F,  2E,  2E,   0,   0,   0,   0,   0,   0, 
378: 2   1   0   7   6 |  2F,  2F,  2F,  2F,  2F,  2F,  2E,   0,   0,   0,   0,   0,   0, 
379: 3   2   1   0   7 |  2F,  2F,  2F,  2F,  2F,  2F,  2E,   0,   0,   0,   0,   0,   0, 
380: 4   3   2   1   0 |  2F,  2F,  2F,  2F,  2F,  2F,  2F,   0,   0,   0,   0,   0,   0, 
381: 5   4   3   2   1 |  30,  2F,  2F,  2F,  2F,  2F,  2F,   0,   0,   0,   0,   0,   0, 
382: 6   5   4   3   2 |  30,  30,  2F,  2F,  2F,  2F,  2F,   0,   0,   0,   0,   0,   0, 
383: 7   6   5   4   3 |  30,  30,  30,  2F,  2F,  2F,  2F,   0,   0,   0,   0,   0,   0, 
384: 0   7   6   5   4 |  30,  30,  30,  30,  2F,  2F,  2F,   0,   0,   0,   0,   0,   0, 
385: 1   0   7   6   5 |  30,  30,  30,  30,  30,  2F,  2F,   0,   0,   0,   0,   0,   0, 
386: 2   1   0   7   6 |  30,  30,  30,  30,  30,  30,  2F,   0,   0,   0,   0,   0,   0, 
387: 3   2   1   0   7 |  30,  30,  30,  30,  30,  30,  2F,   0,   0,   0,   0,   0,   0, 
388: 4   3   2   1   0 |  30,  30,  30,  30,  30,  30,  30,   0,   0,   0,   0,   0,   0, 
389: 5   4   3   2   1 |  31,  30,  30,  30,  30,  30,  30,   0,   0,   0,   0,   0,   0, 
390: 6   5   4   3   2 |  31,  31,  30,  30,  30,  30,  30,   0,   0,   0,   0,   0,   0, 
391: 7   6   5   4   3 |  31,  31,  31,  30,  30,  30,  30,   0,   0,   0,   0,   0,   0, 
392: 0   7   6   5   4 |  31,  31,  31,  31,  30,  30,  30,   0,   0,   0,   0,   0,   0, 
393: 1   0   7   6   5 |  31,  31,  31,  31,  31,  30,  30,   0,   0,   0,   0,   0,   0, 
394: 2   1   0   7   6 |  31,  31,  31,  31,  31,  31,  30,   0,   0,   0,   0,   0,   0, 
395: 3   2   1   0   7 |  31,  31,  31,  31,  31,  31,  30,   0,   0,   0,   0,   0,   0, 
396: 4   3   2   1   0 |  31,  31,  31,  31,  31,  31,  31,   0,   0,   0,   0,   0,   0, 
397: 5   4   3   2   1 |  32,  31,  31,  31,  31,  31,  31,   0,   0,   0,   0,   0,   0, 
398: 6   5   4   3   2 |  32,  32,  31,  31,  31,  31,  31,   0,   0,   0,   0,   0,   0, 
399: 7   6   5   4   3 |  32,  32,  32,  31,  31,  31,  31,   0,   0,   0,   0,   0,   0, 
400: 0   7   6   5   4 |  32,  32,  32,  32,  31,  31,  31,   0,   0,   0,   0,   0,   0, 
401: 1   0   7   6   5 |  32,  32,  32,  32,  32,  31,  31,   0,   0,   0,   0,   0,   0, 
402: 2   1   0   7   6 |  32,  32,  32,  32,  32,  32,  31,   0,   0,   0,   0,   0,   0, 
403: 3   2   1   0   7 |  32,  32,  32,  32,  32,  32,  31,   0,   0,   0,   0,   0,   0, 
404: 4   3   2   1   0 |  32,  32,  32,  32,  32,  32,  32,   0,   0,   0,   0,   0,   0, 
405: 5   4   3   2   1 |  33,  32,  32,  32,  32,  32,  32,   0,   0,   0,   0,   0,   0, 
406: 6   5   4   3   2 |  33,  33,  32,  32,  32,  32,  32,   0,   0,   0,   0,   0,   0, 
407: 7   6   5   4   3 |  33,  33,  33,  32,  32,  32,  32,   0,   0,   0,   0,   0,   0, 
408: 0   7   6   5   4 |  33,  33,  33,  33,  32,  32,  32,   0,   0,   0,   0,   0,   0, 
409: 1   0   7   6   5 |  33,  33,  33,  33,  33,  32,  32,   0,   0,   0,   0,   0,   0, 
410: 2   1   0   7   6 |  33,  33,  33,  33,  33,  33,  32,   0,   0,   0,   0,   0,   0, 
411: 3   2   1   0   7 |  33,  33,  33,  33,  33,  33,  32,   0,   0,   0,   0,   0,   0, 
412: 4   3   2   1   0 |  33,  33,  33,  33,  33,  33,  33,   0,   0,   0,   0,   0,   0, 
413: 5   4   3   2   1 |  34,  33,  33,  33,  33,  33,  33,   0,   0,   0,   0,   0,   0, 
414: 6   5   4   3   2 |  34,  34,  33,  33,  33,  33,  33,   0,   0,   0,   0,   0,   0, 
415: 7   6   5   4   3 |  34,  34,  34,  33,  33,  33,  33,   0,   0,   0,   0,   0,   0, 
416: 0   7   6   5   4 |  34,  34,  34,  34,  33,  33,  33,   0,   0,   0,   0,   0,   0, 
417: 1   0   7   6   5 |  34,  34,  34,  34,  34,  33,  33,   0,   0,   0,   0,   0,   0, 
418: 2   1   0   7   6 |  34,  34,  34,  34,  34,  34,  33,   0,   0,   0,   0,   0,   0, 
419: 3   2   1   0   7 |  34,  34,  34,  34,  34,  34,  33,   0,   0,   0,   0,   0,   0, 
420: 4   3   2   1   0 |  34,  34,  34,  34,  34,  34,  34,   0,   0,   0,   0,   0,   0, 
421: 5   4   3   2   1 |  35,  34,  34,  34,  34,  34,  34,   0,   0,   0,   0,   0,   0, 
422: 6   5   4   3   2 |  35,  35,  34,  34,  34,  34,  34,   0,   0,   0,   0,   0,   0, 
423: 7   6   5   4   3 |  35,  35,  35,  34,  34,  34,  34,   0,   0,   0,   0,   0,   0, 
424: 0   7   6   5   4 |  35,  35,  35,  35,  34,  34,  34,   0,   0,   0,   0,   0,   0, 
425: 1   0   7   6   5 |  35,  35,  35,  35,  35,  34,  34,   0,   0,   0,   0,   0,   0, 
426: 2   1   0   7   6 |  35,  35,  35,  35,  35,  35,  34,   0,   0,   0,   0,   0,   0, 
427: 3   2   1   0   7 |  35,  35,  35,  35,  35,  35,  34,   0,   0,   0,   0,   0,   0, 
428: 4   3   2   1   0 |  35,  35,  35,  35,  35,  35,  35,   0,   0,   0,   0,   0,   0, 
429: 5   4   3   2   1 |  36,  35,  35,  35,  35,  35,  35,   0,   0,   0,   0,   0,   0, 
430: 6   5   4   3   2 |  36,  36,  35,  35,  35,  35,  35,   0,   0,   0,   0,   0,   0, 
431: 7   6   5   4   3 |  36,  36,  36,  35,  35,  35,  35,   0,   0,   0,   0,   0,   0, 
432: 0   7   6   5   4 |  36,  36,  36,  36,  35,  35,  35,   0,   0,   0,   0,   0,   0, 
433: 1   0   7   6   5 |  36,  36,  36,  36,  36,  35,  35,   0,   0,   0,   0,   0,   0, 
434: 2   1   0   7   6 |  36,  36,  36,  36,  36,  36,  35,   0,   0,   0,   0,   0,   0, 
435: 3   2   1   0   7 |  36,  36,  36,  36,  36,  36,  35,   0,   0,   0,   0,   0,   0, 
436: 4   3   2   1   0 |  36,  36,  36,  36,  36,  36,  36,   0,   0,   0,   0,   0,   0, 
437: 5   4   3   2   1 |  37,  36,  36,  36,  36,  36,  36,   0,   0,   0,   0,   0,   0, 
438: 6   5   4   3   2 |  37,  37,  36,  36,  36,  36,  36,   0,   0,   0,   0,   0,   0, 
439: 7   6   5   4   3 |  37,  37,  37,  36,  36,  36,  36,   0,   0,   0,   0,   0,   0, 
440: 0   7   6   5   4 |  37,  37,  37,  37,  36,  36,  36,   0,   0,   0,   0,   0,   0, 
441: 1   0   7   6   5 |  37,  37,  37,  37,  37,  36,  36,   0,   0,   0,   0,   0,   0, 
442: 2   1   0   7   6 |  37,  37,  37,  37,  37,  37,  36,   0,   0,   0,   0,   0,   0, 
443: 3   2   1   0   7 |  37,  37,  37,  37,  37,  37,  36,   0,   0,   0,   0,   0,   0, 
444: 4   3   2   1   0 |  37,  37,  37,  37,  37,  37,  37,   0,   0,   0,   0,   0,   0, 
445: 5   4   3   2   1 |  38,  37,  37,  37,  37,  37,  37,   0,   0,   0,   0,   0,   0, 
446: 6   5   4   3   2 |  38,  38,  37,  37,  37,  37,  37,   0,   0,   0,   0,   0,   0, 
447: 7   6   5   4   3 |  38,  38,  38,  37,  37,  37,  37,   0,   0,   0,   0,   0,   0, 
448: 0   7   6   5   4 |  38,  38,  38,  38,  37,  37,  37,   0,   0,   0,   0,   0,   0, 
449: 1   0   7   6   5 |  38,  38,  38,  38,  38,  37,  37,   0,   0,   0,   0,   0,   0, 
450: 2   1   0   7   6 |  38,  38,  38,  38,  38,  38,  37,   0,   0,   0,   0,   0,   0, 
451: 3   2   1   0   7 |  38,  38,  38,  38,  38,  38,  37,   0,   0,   0,   0,   0,   0, 
452: 4   3   2   1   0 |  38,  38,  38,  38,  38,  38,  38,   0,   0,   0,   0,   0,   0, 
453: 5   4   3   2   1 |  39,  38,  38,  38,  38,  38,  38,   0,   0,   0,   0,   0,   0, 
454: 6   5   4   3   2 |  39,  39,  38,  38,  38,  38,  38,   0,   0,   0,   0,   0,   0, 
455: 7   6   5   4   3 |  39,  39,  39,  38,  38,  38,  38,   0,   0,   0,   0,   0,   0, 
456: 0   7   6   5   4 |  39,  39,  39,  39,  38,  38,  38,   0,   0,   0,   0,   0,   0, 
457: 1   0   7   6   5 |  39,  39,  39,  39,  39,  38,  38,   0,   0,   0,   0,   0,   0, 
458: 2   1   0   7   6 |  39,  39,  39,  39,  39,  39,  38,   0,   0,   0,   0,   0,   0, 
459: 3   2   1   0   7 |  39,  39,  39,  39,  39,  39,  38,   0,   0,   0,   0,   0,   0, 
460: 4   3   2   1   0 |  39,  39,  39,  39,  39,  39,  39,   0,   0,   0,   0,   0,   0, 
461: 5   4   3   2   1 |  3A,  39,  39,  39,  39,  39,  39,   0,   0,   0,   0,   0,   0, 
462: 6   5   4   3   2 |  3A,  3A,  39,  39,  39,  39,  39,   0,   0,   0,   0,   0,   0, 
463: 7   6   5   4   3 |  3A,  3A,  3A,  39,  39,  39,  39,   0,   0,   0,   0,   0,   0, 
464: 0   7   6   5   4 |  3A,  3A,  3A,  3A,  39,  39,  39,   0,   0,   0,   0,   0,   0, 
465: 1   0   7   6   5 |  3A,  3A,  3A,  3A,  3A,  39,  39,   0,   0,   0,   0,   0,   0, 
466: 2   1   0   7   6 |  3A,  3A,  3A,  3A,  3A,  3A,  39,   0,   0,   0,   0,   0,   0, 
467: 3   2   1   0   7 |  3A,  3A,  3A,  3A,  3A,  3A,  39,   0,   0,   0,   0,   0,   0, 
468: 4   3   2   1   0 |  3A,  3A,  3A,  3A,  3A,  3A,  3A,   0,   0,   0,   0,   0,   0, 
469: 5   4   3   2   1 |  3B,  3A,  3A,  3A,  3A,  3A,  3A,   0,   0,   0,   0,   0,   0, 
470: 6   5   4   3   2 |  3B,  3B,  3A,  3A,  3A,  3A,  3A,   0,   0,   0,   0,   0,   0, 
471: 7   6   5   4   3 |  3B,  3B,  3B,  3A,  3A,  3A,  3A,   0,   0,   0,   0,   0,   0, 
472: 0   7   6   5   4 |  3B,  3B,  3B,  3B,  3A,  3A,  3A,   0,   0,   0,   0,   0,   0, 
473: 1   0   7   6   5 |  3B,  3B,  3B,  3B,  3B,  3A,  3A,   0,   0,   0,   0,   0,   0, 
474: 2   1   0   7   6 |  3B,  3B,  3B,  3B,  3B,  3B,  3A,   0,   0,   0,   0,   0,   0, 
475: 3   2   1   0   7 |  3B,  3B,  3B,  3B,  3B,  3B,  3A,   0,   0,   0,   0,   0,   0, 
476: 4   3   2   1   0 |  3B,  3B,  3B,  3B,  3B,  3B,  3B,   0,   0,   0,   0,   0,   0, 
477: 5   4   3   2   1 |  3C,  3B,  3B,  3B,  3B,  3B,  3B,   0,   0,   0,   0,   0,   0, 
478: 6   5   4   3   2 |  3C,  3C,  3B,  3B,  3B,  3B,  3B,   0,   0,   0,   0,   0,   0, 
479: 7   6   5   4   3 |  3C,  3C,  3C,  3B,  3B,  3B,  3B,   0,   0,   0,   0,   0,   0, 
480: 0   7   6   5   4 |  3C,  3C,  3C,  3C,  3B,  3B,  3B,   0,   0,   0,   0,   0,   0, 
481: 1   0   7   6   5 |  3C,  3C,  3C,  3C,  3C,  3B,  3B,   0,   0,   0,   0,   0,   0, 
482: 2   1   0   7   6 |  3C,  3C,  3C,  3C,  3C,  3C,  3B,   0,   0,   0,   0,   0,   0, 
483: 3   2   1   0   7 |  3C,  3C,  3C,  3C,  3C,  3C,  3B,   0,   0,   0,   0,   0,   0, 
484: 4   3   2   1   0 |  3C,  3C,  3C,  3C,  3C,  3C,  3C,   0,   0,   0,   0,   0,   0, 
485: 5   4   3   2   1 |  3D,  3C,  3C,  3C,  3C,  3C,  3C,   0,   0,   0,   0,   0,   0, 
486: 6   5   4   3   2 |  3D,  3D,  3C,  3C,  3C,  3C,  3C,   0,   0,   0,   0,   0,   0, 
487: 7   6   5   4   3 |  3D,  3D,  3D,  3C,  3C,  3C,  3C,   0,   0,   0,   0,   0,   0, 
488: 0   7   6   5   4 |  3D,  3D,  3D,  3D,  3C,  3C,  3C,   0,   0,   0,   0,   0,   0, 
489: 1   0   7   6   5 |  3D,  3D,  3D,  3D,  3D,  3C,  3C,   0,   0,   0,   0,   0,   0, 
490: 2   1   0   7   6 |  3D,  3D,  3D,  3D,  3D,  3D,  3C,   0,   0,   0,   0,   0,   0, 
491: 3   2   1   0   7 |  3D,  3D,  3D,  3D,  3D,  3D,  3C,   0,   0,   0,   0,   0,   0, 
492: 4   3   2   1   0 |  3D,  3D,  3D,  3D,  3D,  3D,  3D,   0,   0,   0,   0,   0,   0, 
493: 5   4   3   2   1 |  3E,  3D,  3D,  3D,  3D,  3D,  3D,   0,   0,   0,   0,   0,   0, 
494: 6   5   4   3   2 |  3E,  3E,  3D,  3D,  3D,  3D,  3D,   0,   0,   0,   0,   0,   0, 
495: 7   6   5   4   3 |  3E,  3E,  3E,  3D,  3D,  3D,  3D,   0,   0,   0,   0,   0,   0, 
496: 0   7   6   5   4 |  3E,  3E,  3E,  3E,  3D,  3D,  3D,   0,   0,   0,   0,   0,   0, 
497: 1   0   7   6   5 |  3E,  3E,  3E,  3E,  3E,  3D,  3D,   0,   0,   0,   0,   0,   0, 
498: 2   1   0   7   6 |  3E,  3E,  3E,  3E,  3E,  3E,  3D,   0,   0,   0,   0,   0,   0, 
499: 3   2   1   0   7 |  3E,  3E,  3E,  3E,  3E,  3E,  3D,   0,   0,   0,   0,   0,   0, 
500: 4   3   2   1   0 |  3E,  3E,  3E,  3E,  3E,  3E,  3E,   0,   0,   0,   0,   0,   0, 
501: 5   4   3   2   1 |  3F,  3E,  3E,  3E,  3E,  3E,  3E,   0,   0,   0,   0,   0,   0, 
502: 6   5   4   3   2 |  3F,  3F,  3E,  3E,  3E,  3E,  3E,   0,   0,   0,   0,   0,   0, 
503: 7   6   5   4   3 |  3F,  3F,  3F,  3E,  3E,  3E,  3E,   0,   0,   0,   0,   0,   0, 
504: 0   7   6   5   4 |  3F,  3F,  3F,  3F,  3E,  3E,  3E,   0,   0,   0,   0,   0,   0, 
505: 1   0   7   6   5 |  3F,  3F,  3F,  3F,  3F,  3E,  3E,   0,   0,   0,   0,   0,   0, 
506: 2   1   0   7   6 |  3F,  3F,  3F,  3F,  3F,  3F,  3E,   0,   0,   0,   0,   0,   0, 
507: 3   2   1   0   7 |  3F,  3F,  3F,  3F,  3F,  3F,  3E,   0,   0,   0,   0,   0,   0, 
508: 4   3   2   1   0 |  3F,  3F,  3F,  3F,  3F,  3F,  3F,   0,   0,   0,   0,   0,   0, 
509: 5   4   3   2   1 |  40,  3F,  3F,  3F,  3F,  3F,  3F,   0,   0,   0,   0,   0,   0, 
510: 6   5   4   3   2 |  40,  40,  3F,  3F,  3F,  3F,  3F,   0,   0,   0,   0,   0,   0, 
511: 7   6   5   4   3 |  40,  40,  40,  3F,  3F,  3F,  3F,   0,   0,   0,   0,   0,   0, 
512: 0   7   6   5   4 |  40,  40,  40,  40,  3F,  3F,  3F,   0,   0,   0,   0,   0,   0, 
513: 1   0   7   6   5 |  40,  40,  40,  40,  40,  3F,  3F,   0,   0,   0,   0,   0,   0, 
514: 2   1   0   7   6 |  40,  40,  40,  40,  40,  40,  3F,   0,   0,   0,   0,   0,   0, 
515: 3   2   1   0   7 |  40,  40,  40,  40,  40,  40,  3F,   0,   0,   0,   0,   0,   0, 
516: 4   3   2   1   0 |  40,  40,  40,  40,  40,  40,  40,   0,   0,   0,   0,   0,   0, 
517: 5   4   3   2   1 |  41,  40,  40,  40,  40,  40,  40,   0,   0,   0,   0,   0,   0, 
518: 6   5   4   3   2 |  41,  41,  40,  40,  40,  40,  40,   0,   0,   0,   0,   0,   0, 
519: 7   6   5   4   3 |  41,  41,  41,  40,  40,  40,  40,   0,   0,   0,   0,   0,   0, 
520: 0   7   6   5   4 |  41,  41,  41,  41,  40,  40,  40,   0,   0,   0,   0,   0,   0, 
521: 1   0   7   6   5 |  41,  41,  41,  41,  41,  40,  40,   0,   0,   0,   0,   0,   0, 
522: 2   1   0   7   6 |  41,  41,  41,  41,  41,  41,  40,   0,   0,   0,   0,   0,   0, 
523: 3   2   1   0   7 |  41,  41,  41,  41,  41,  41,  40,   0,   0,   0,   0,   0,   0, 
524: 4   3   2   1   0 |  41,  41,  41,  41,  41,  41,  41,   0,   0,   0,   0,   0,   0, 
525: 5   4   3   2   1 |  42,  41,  41,  41,  41,  41,  41,   0,   0,   0,   0,   0,   0, 
526: 6   5   4   3   2 |  42,  42,  41,  41,  41,  41,  41,   0,   0,   0,   0,   0,   0, 
527: 7   6   5   4   3 |  42,  42,  42,  41,  41,  41,  41,   0,   0,   0,   0,   0,   0, 
528: 0   7   6   5   4 |  42,  42,  42,  42,  41,  41,  41,   0,   0,   0,   0,   0,   0, 
529: 1   0   7   6   5 |  42,  42,  42,  42,  42,  41,  41,   0,   0,   0,   0,   0,   0, 
530: 2   1   0   7   6 |  42,  42,  42,  42,  42,  42,  41,   0,   0,   0,   0,   0,   0, 
531: 3   2   1   0   7 |  42,  42,  42,  42,  42,  42,  41,   0,   0,   0,   0,   0,   0, 
532: 4   3   2   1   0 |  42,  42,  42,  42,  42,  42,  42,   0,   0,   0,   0,   0,   0, 
533: 5   4   3   2   1 |  43,  42,  42,  42,  42,  42,  42,   0,   0,   0,   0,   0,   0, 
534: 6   5   4   3   2 |  43,  43,  42,  42,  42,  42,  42,   0,   0,   0,   0,   0,   0, 
535: 7   6   5   4   3 |  43,  43,  43,  42,  42,  42,  42,   0,   0,   0,   0,   0,   0, 
536: 0   7   6   5   4 |  43,  43,  43,  43,  42,  42,  42,   0,   0,   0,   0,   0,   0, 
537: 1   0   7   6   5 |  43,  43,  43,  43,  43,  42,  42,   0,   0,   0,   0,   0,   0, 
538: 2   1   0   7   6 |  43,  43,  43,  43,  43,  43,  42,   0,   0,   0,   0,   0,   0, 
539: 3   2   1   0   7 |  43,  43,  43,  43,  43,  43,  42,   0,   0,   0,   0,   0,   0, 
540: 4   3   2   1   0 |  43,  43,  43,  43,  43,  43,  43,   0,   0,   0,   0,   0,   0, 
541: 5   4   3   2   1 |  44,  43,  43,  43,  43,  43,  43,   0,   0,   0,   0,   0,   0, 
542: 6   5   4   3   2 |  44,  44,  43,  43,  43,  43,  43,   0,   0,   0,   0,   0,   0, 
543: 7   6   5   4   3 |  44,  44,  44,  43,  43,  43,  43,   0,   0,   0,   0,   0,   0, 
544: 0   7   6   5   4 |  44,  44,  44,  44,  43,  43,  43,   0,   0,   0,   0,   0,   0, 
545: 1   0   7   6   5 |  44,  44,  44,  44,  44,  43,  43,   0,   0,   0,   0,   0,   0, 
546: 2   1   0   7   6 |  44,  44,  44,  44,  44,  44,  43,   0,   0,   0,   0,   0,   0, 
547: 3   2   1   0   7 |  44,  44,  44,  44,  44,  44,  43,   0,   0,   0,   0,   0,   0, 
548: 4   3   2   1   0 |  44,  44,  44,  44,  44,  44,  44,   0,   0,   0,   0,   0,   0, 
549: 5   4   3   2   1 |  45,  44,  44,  44,  44,  44,  44,   0,   0,   0,   0,   0,   0, 
550: 6   5   4   3   2 |  45,  45,  44,  44,  44,  44,  44,   0,   0,   0,   0,   0,   0, 
551: 7   6   5   4   3 |  45,  45,  45,  44,  44,  44,  44,   0,   0,   0,   0,   0,   0, 
552: 0   7   6   5   4 |  45,  45,  45,  45,  44,  44,  44,   0,   0,   0,   0,   0,   0, 
553: 1   0   7   6   5 |  45,  45,  45,  45,  45,  44,  44,   0,   0,   0,   0,   0,   0, 
554: 2   1   0   7   6 |  45,  45,  45,  45,  45,  45,  44,   0,   0,   0,   0,   0,   0, 
555: 3   2   1   0   7 |  45,  45,  45,  45,  45,  45,  44,   0,   0,   0,   0,   0,   0, 
556: 4   3   2   1   0 |  45,  45,  45,  45,  45,  45,  45,   0,   0,   0,   0,   0,   0, 
557: 5   4   3   2   1 |  46,  45,  45,  45,  45,  45,  45,   0,   0,   0,   0,   0,   0, 
558: 6   5   4   3   2 |  46,  46,  45,  45,  45,  45,  45,   0,   0,   0,   0,   0,   0, 
559: 7   6   5   4   3 |  46,  46,  46,  45,  45,  45,  45,   0,   0,   0,   0,   0,   0, 
560: 0   7   6   5   4 |  46,  46,  46,  46,  45,  45,  45,   0,   0,   0,   0,   0,   0, 
561: 1   0   7   6   5 |  46,  46,  46,  46,  46,  45,  45,   0,   0,   0,   0,   0,   0, 
562: 2   1   0   7   6 |  46,  46,  46,  46,  46,  46,  45,   0,   0,   0,   0,   0,   0, 
563: 3   2   1   0   7 |  46,  46,  46,  46,  46,  46,  45,   0,   0,   0,   0,   0,   0, 
564: 4   3   2   1   0 |  46,  46,  46,  46,  46,  46,  46,   0,   0,   0,   0,   0,   0, 
565: 5   4   3   2   1 |  47,  46,  46,  46,  46,  46,  46,   0,   0,   0,   0,   0,   0, 
566: 6   5   4   3   2 |  47,  47,  46,  46,  46,  46,  46,   0,   0,   0,   0,   0,   0, 
567: 7   6   5   4   3 |  47,  47,  47,  46,  46,  46,  46,   0,   0,   0,   0,   0,   0, 
568: 0   7   6   5   4 |  47,  47,  47,  47,  46,  46,  46,   0,   0,   0,   0,   0,   0, 
569: 1   0   7   6   5 |  47,  47,  47,  47,  47,  46,  46,   0,   0,   0,   0,   0,   0, 
570: 2   1   0   7   6 |  47,  47,  47,  47,  47,  47,  46,   0,   0,   0,   0,   0,   0, 
571: 3   2   1   0   7 |  47,  47,  47,  47,  47,  47,  46,   0,   0,   0,   0,   0,   0, 
572: 4   3   2   1   0 |  47,  47,  47,  47,  47,  47,  47,   0,   0,   0,   0,   0,   0, 
573: 5   4   3   2   1 |  48,  47,  47,  47,  47,  47,  47,   0,   0,   0,   0,   0,   0, 
574: 6   5   4   3   2 |  48,  48,  47,  47,  47,  47,  47,   0,   0,   0,   0,   0,   0, 
575: 7   6   5   4   3 |  48,  48,  48,  47,  47,  47,  47,   0,   0,   0,   0,   0,   0, 
576: 0   7   6   5   4 |  48,  48,  48,  48,  47,  47,  47,   0,   0,   0,   0,   0,   0, 
577: 1   0   7   6   5 |  48,  48,  48,  48,  48,  47,  47,   0,   0,   0,   0,   0,   0, 
578: 2   1   0   7   6 |  48,  48,  48,  48,  48,  48,  47,   0,   0,   0,   0,   0,   0, 
579: 3   2   1   0   7 |  48,  48,  48,  48,  48,  48,  47,   0,   0,   0,   0,   0,   0, 
580: 4   3   2   1   0 |  48,  48,  48,  48,  48,  48,  48,   0,   0,   0,   0,   0,   0, 
581: 5   4   3   2   1 |  49,  48,  48,  48,  48,  48,  48,   0,   0,   0,   0,   0,   0, 
582: 6   5   4   3   2 |  49,  49,  48,  48,  48,  48,  48,   0,   0,   0,   0,   0,   0, 
583: 7   6   5   4   3 |  49,  49,  49,  48,  48,  48,  48,   0,   0,   0,   0,   0,   0, 
584: 0   7   6   5   4 |  49,  49,  49,  49,  48,  48,  48,   0,   0,   0,   0,   0,   0, 
585: 1   0   7   6   5 |  49,  49,  49,  49,  49,  48,  48,   0,   0,   0,   0,   0,   0, 
586: 2   1   0   7   6 |  49,  49,  49,  49,  49,  49,  48,   0,   0,   0,   0,   0,   0, 
587: 3   2   1   0   7 |  49,  49,  49,  49,  49,  49,  48,   0,   0,   0,   0,   0,   0, 
588: 4   3   2   1   0 |  49,  49,  49,  49,  49,  49,  49,   0,   0,   0,   0,   0,   0, 
589: 5   4   3   2   1 |  4A,  49,  49,  49,  49,  49,  49,   0,   0,   0,   0,   0,   0, 
590: 6   5   4   3   2 |  4A,  4A,  49,  49,  49,  49,  49,   0,   0,   0,   0,   0,   0, 
591: 7   6   5   4   3 |  4A,  4A,  4A,  49,  49,  49,  49,   0,   0,   0,   0,   0,   0, 
592: 0   7   6   5   4 |  4A,  4A,  4A,  4A,  49,  49,  49,   0,   0,   0,   0,   0,   0, 
593: 1   0   7   6   5 |  4A,  4A,  4A,  4A,  4A,  49,  49,   0,   0,   0,   0,   0,   0, 
594: 2   1   0   7   6 |  4A,  4A,  4A,  4A,  4A,  4A,  49,   0,   0,   0,   0,   0,   0, 
595: 3   2   1   0   7 |  4A,  4A,  4A,  4A,  4A,  4A,  49,   0,   0,   0,   0,   0,   0, 
596: 4   3   2   1   0 |  4A,  4A,  4A,  4A,  4A,  4A,  4A,   0,   0,   0,   0,   0,   0, 
597: 5   4   3   2   1 |  4B,  4A,  4A,  4A,  4A,  4A,  4A,   0,   0,   0,   0,   0,   0, 
598: 6   5   4   3   2 |  4B,  4B,  4A,  4A,  4A,  4A,  4A,   0,   0,   0,   0,   0,   0, 
599: 7   6   5   4   3 |  4B,  4B,  4B,  4A,  4A,  4A,  4A,   0,   0,   0,   0,   0,   0, 
600: 0   7   6   5   4 |  4B,  4B,  4B,  4B,  4A,  4A,  4A,   0,   0,   0,   0,   0,   0, 
601: 1   0   7   6   5 |  4B,  4B,  4B,  4B,  4B,  4A,  4A,   0,   0,   0,   0,   0,   0, 
602: 2   1   0   7   6 |  4B,  4B,  4B,  4B,  4B,  4B,  4A,   0,   0,   0,   0,   0,   0, 
603: 3   2   1   0   7 |  4B,  4B,  4B,  4B,  4B,  4B,  4A,   0,   0,   0,   0,   0,   0, 
604: 4   3   2   1   0 |  4B,  4B,  4B,  4B,  4B,  4B,  4B,   0,   0,   0,   0,   0,   0, 
605: 5   4   3   2   1 |  4C,  4B,  4B,  4B,  4B,  4B,  4B,   0,   0,   0,   0,   0,   0, 
606: 6   5   4   3   2 |  4C,  4C,  4B,  4B,  4B,  4B,  4B,   0,   0,   0,   0,   0,   0, 
607: 7   6   5   4   3 |  4C,  4C,  4C,  4B,  4B,  4B,  4B,   0,   0,   0,   0,   0,   0, 
608: 0   7   6   5   4 |  4C,  4C,  4C,  4C,  4B,  4B,  4B,   0,   0,   0,   0,   0,   0, 
609: 1   0   7   6   5 |  4C,  4C,  4C,  4C,  4C,  4B,  4B,   0,   0,   0,   0,   0,   0, 
610: 2   1   0   7   6 |  4C,  4C,  4C,  4C,  4C,  4C,  4B,   0,   0,   0,   0,   0,   0, 
611: 3   2   1   0   7 |  4C,  4C,  4C,  4C,  4C,  4C,  4B,   0,   0,   0,   0,   0,   0, 
612: 4   3   2   1   0 |  4C,  4C,  4C,  4C,  4C,  4C,  4C,   0,   0,   0,   0,   0,   0, 
613: 5   4   3   2   1 |  4D,  4C,  4C,  4C,  4C,  4C,  4C,   0,   0,   0,   0,   0,   0, 
614: 6   5   4   3   2 |  4D,  4D,  4C,  4C,  4C,  4C,  4C,   0,   0,   0,   0,   0,   0, 
615: 7   6   5   4   3 |  4D,  4D,  4D,  4C,  4C,  4C,  4C,   0,   0,   0,   0,   0,   0, 
616: 0   7   6   5   4 |  4D,  4D,  4D,  4D,  4C,  4C,  4C,   0,   0,   0,   0,   0,   0, 
617: 1   0   7   6   5 |  4D,  4D,  4D,  4D,  4D,  4C,  4C,   0,   0,   0,   0,   0,   0, 
618: 2   1   0   7   6 |  4D,  4D,  4D,  4D,  4D,  4D,  4C,   0,   0,   0,   0,   0,   0, 
619: 3   2   1   0   7 |  4D,  4D,  4D,  4D,  4D,  4D,  4C,   0,   0,   0,   0,   0,   0, 
620: 4   3   2   1   0 |  4D,  4D,  4D,  4D,  4D,  4D,  4D,   0,   0,   0,   0,   0,   0, 
621: 5   4   3   2   1 |  4E,  4D,  4D,  4D,  4D,  4D,  4D,   0,   0,   0,   0,   0,   0, 
622: 6   5   4   3   2 |  4E,  4E,  4D,  4D,  4D,  4D,  4D,   0,   0,   0,   0,   0,   0, 
623: 7   6   5   4   3 |  4E,  4E,  4E,  4D,  4D,  4D,  4D,   0,   0,   0,   0,   0,   0, 
624: 0   7   6   5   4 |  4E,  4E,  4E,  4E,  4D,  4D,  4D,   0,   0,   0,   0,   0,   0, 
625: 1   0   7   6   5 |  4E,  4E,  4E,  4E,  4E,  4D,  4D,   0,   0,   0,   0,   0,   0, 
626: 2   1   0   7   6 |  4E,  4E,  4E,  4E,  4E,  4E,  4D,   0,   0,   0,   0,   0,   0, 
627: 3   2   1   0   7 |  4E,  4E,  4E,  4E,  4E,  4E,  4D,   0,   0,   0,   0,   0,   0, 
628: 4   3   2   1   0 |  4E,  4E,  4E,  4E,  4E,  4E,  4E,   0,   0,   0,   0,   0,   0, 
629: 5   4   3   2   1 |  4F,  4E,  4E,  4E,  4E,  4E,  4E,   0,   0,   0,   0,   0,   0, 
630: 6   5   4   3   2 |  4F,  4F,  4E,  4E,  4E,  4E,  4E,   0,   0,   0,   0,   0,   0, 
631: 7   6   5   4   3 |  4F,  4F,  4F,  4E,  4E,  4E,  4E,   0,   0,   0,   0,   0,   0, 
632: 0   7   6   5   4 |  4F,  4F,  4F,  4F,  4E,  4E,  4E,   0,   0,   0,   0,   0,   0, 
633: 1   0   7   6   5 |  4F,  4F,  4F,  4F,  4F,  4E,  4E,   0,   0,   0,   0,   0,   0, 
634: 2   1   0   7   6 |  4F,  4F,  4F,  4F,  4F,  4F,  4E,   0,   0,   0,   0,   0,   0, 
635: 3   2   1   0   7 |  4F,  4F,  4F,  4F,  4F,  4F,  4E,   0,   0,   0,   0,   0,   0, 
636: 4   3   2   1   0 |  4F,  4F,  4F,  4F,  4F,  4F,  4F,   0,   0,   0,   0,   0,   0, 
637: 5   4   3   2   1 |  50,  4F,  4F,  4F,  4F,  4F,  4F,   0,   0,   0,   0,   0,   0, 
638: 6   5   4   3   2 |  50,  50,  4F,  4F,  4F,  4F,  4F,   0,   0,   0,   0,   0,   0, 
639: 7   6   5   4   3 |  50,  50,  50,  4F,  4F,  4F,  4F,   0,   0,   0,   0,   0,   0, 
640: 0   7   6   5   4 |  50,  50,  50,  50,  4F,  4F,  4F,   0,   0,   0,   0,   0,   0, 
641: 1   0   7   6   5 |  50,  50,  50,  50,  50,  4F,  4F,   0,   0,   0,   0,   0,   0, 
642: 2   1   0   7   6 |  50,  50,  50,  50,  50,  50,  4F,   0,   0,   0,   0,   0,   0, 
643: 3   2   1   0   7 |  50,  50,  50,  50,  50,  50,  4F,   0,   0,   0,   0,   0,   0, 
644: 4   3   2   1   0 |  50,  50,  50,  50,  50,  50,  50,   0,   0,   0,   0,   0,   0, 
645: 5   4   3   2   1 |  51,  50,  50,  50,  50,  50,  50,   0,   0,   0,   0,   0,   0, 
646: 6   5   4   3   2 |  51,  51,  50,  50,  50,  50,  50,   0,   0,   0,   0,   0,   0, 
647: 7   6   5   4   3 |  51,  51,  51,  50,  50,  50,  50,   0,   0,   0,   0,   0,   0, 
648: 0   7   6   5   4 |  51,  51,  51,  51,  50,  50,  50,   0,   0,   0,   0,   0,   0, 
649: 1   0   7   6   5 |  51,  51,  51,  51,  51,  50,  50,   0,   0,   0,   0,   0,   0, 
650: 2   1   0   7   6 |  51,  51,  51,  51,  51,  51,  50,   0,   0,   0,   0,   0,   0, 
651: 3   2   1   0   7 |  51,  51,  51,  51,  51,  51,  50,   0,   0,   0,   0,   0,   0, 
652: 4   3   2   1   0 |  51,  51,  51,  51,  51,  51,  51,   0,   0,   0,   0,   0,   0, 
653: 5   4   3   2   1 |  52,  51,  51,  51,  51,  51,  51,   0,   0,   0,   0,   0,   0, 
654: 6   5   4   3   2 |  52,  52,  51,  51,  51,  51,  51,   0,   0,   0,   0,   0,   0, 
655: 7   6   5   4   3 |  52,  52,  52,  51,  51,  51,  51,   0,   0,   0,   0,   0,   0, 
656: 0   7   6   5   4 |  52,  52,  52,  52,  51,  51,  51,   0,   0,   0,   0,   0,   0, 
657: 1   0   7   6   5 |  52,  52,  52,  52,  52,  51,  51,   0,   0,   0,   0,   0,   0, 
658: 2   1   0   7   6 |  52,  52,  52,  52,  52,  52,  51,   0,   0,   0,   0,   0,   0, 
659: 3   2   1   0   7 |  52,  52,  52,  52,  52,  52,  51,   0,   0,   0,   0,   0,   0, 
660: 4   3   2   1   0 |  52,  52,  52,  52,  52,  52,  52,   0,   0,   0,   0,   0,   0, 
661: 5   4   3   2   1 |  53,  52,  52,  52,  52,  52,  52,   0,   0,   0,   0,   0,   0, 
662: 6   5   4   3   2 |  53,  53,  52,  52,  52,  52,  52,   0,   0,   0,   0,   0,   0, 
663: 7   6   5   4   3 |  53,  53,  53,  52,  52,  52,  52,   0,   0,   0,   0,   0,   0, 
664: 0   7   6   5   4 |  53,  53,  53,  53,  52,  52,  52,   0,   0,   0,   0,   0,   0, 
665: 1   0   7   6   5 |  53,  53,  53,  53,  53,  52,  52,   0,   0,   0,   0,   0,   0, 
666: 2   1   0   7   6 |  53,  53,  53,  53,  53,  53,  52,   0,   0,   0,   0,   0,   0, 
667: 3   2   1   0   7 |  53,  53,  53,  53,  53,  53,  52,   0,   0,   0,   0,   0,   0, 
668: 4   3   2   1   0 |  53,  53,  53,  53,  53,  53,  53,   0,   0,   0,   0,   0,   0, 
669: 5   4   3   2   1 |  54,  53,  53,  53,  53,  53,  53,   0,   0,   0,   0,   0,   0, 
670: 6   5   4   3   2 |  54,  54,  53,  53,  53,  53,  53,   0,   0,   0,   0,   0,   0, 
671: 7   6   5   4   3 |  54,  54,  54,  53,  53,  53,  53,   0,   0,   0,   0,   0,   0, 
672: 0   7   6   5   4 |  54,  54,  54,  54,  53,  53,  53,   0,   0,   0,   0,   0,   0, 
673: 1   0   7   6   5 |  54,  54,  54,  54,  54,  53,  53,   0,   0,   0,   0,   0,   0, 
674: 2   1   0   7   6 |  54,  54,  54,  54,  54,  54,  53,   0,   0,   0,   0,   0,   0, 
675: 3   2   1   0   7 |  54,  54,  54,  54,  54,  54,  53,   0,   0,   0,   0,   0,   0, 
676: 4   3   2   1   0 |  54,  54,  54,  54,  54,  54,  54,   0,   0,   0,   0,   0,   0, 
677: 5   4   3   2   1 |  55,  54,  54,  54,  54,  54,  54,   0,   0,   0,   0,   0,   0, 
678: 6   5   4   3   2 |  55,  55,  54,  54,  54,  54,  54,   0,   0,   0,   0,   0,   0, 
679: 7   6   5   4   3 |  55,  55,  55,  54,  54,  54,  54,   0,   0,   0,   0,   0,   0, 
680: 0   7   6   5   4 |  55,  55,  55,  55,  54,  54,  54,   0,   0,   0,   0,   0,   0, 
681: 1   0   7   6   5 |  55,  55,  55,  55,  55,  54,  54,   0,   0,   0,   0,   0,   0, 
682: 2   1   0   7   6 |  55,  55,  55,  55,  55,  55,  54,   0,   0,   0,   0,   0,   0, 
683: 3   2   1   0   7 |  55,  55,  55,  55,  55,  55,  54,   0,   0,   0,   0,   0,   0, 
684: 4   3   2   1   0 |  55,  55,  55,  55,  55,  55,  55,   0,   0,   0,   0,   0,   0, 
685: 5   4   3   2   1 |  56,  55,  55,  55,  55,  55,  55,   0,   0,   0,   0,   0,   0, 
686: 6   5   4   3   2 |  56,  56,  55,  55,  55,  55,  55,   0,   0,   0,   0,   0,   0, 
687: 7   6   5   4   3 |  56,  56,  56,  55,  55,  55,  55,   0,   0,   0,   0,   0,   0, 
688: 0   7   6   5   4 |  56,  56,  56,  56,  55,  55,  55,   0,   0,   0,   0,   0,   0, 
689: 1   0   7   6   5 |  56,  56,  56,  56,  56,  55,  55,   0,   0,   0,   0,   0,   0, 
690: 2   1   0   7   6 |  56,  56,  56,  56,  56,  56,  55,   0,   0,   0,   0,   0,   0, 
691: 3   2   1   0   7 |  56,  56,  56,  56,  56,  56,  55,   0,   0,   0,   0,   0,   0, 
692: 4   3   2   1   0 |  56,  56,  56,  56,  56,  56,  56,   0,   0,   0,   0,   0,   0, 
693: 5   4   3   2   1 |  57,  56,  56,  56,  56,  56,  56,   0,   0,   0,   0,   0,   0, 
694: 6   5   4   3   2 |  57,  57,  56,  56,  56,  56,  56,   0,   0,   0,   0,   0,   0, 
695: 7   6   5   4   3 |  57,  57,  57,  56,  56,  56,  56,   0,   0,   0,   0,   0,   0, 
696: 0   7   6   5   4 |  57,  57,  57,  57,  56,  56,  56,   0,   0,   0,   0,   0,   0, 
697: 1   0   7   6   5 |  57,  57,  57,  57,  57,  56,  56,   0,   0,   0,   0,   0,   0, 
698: 2   1   0   7   6 |  57,  57,  57,  57,  57,  57,  56,   0,   0,   0,   0,   0,   0, 
699: 3   2   1   0   7 |  57,  57,  57,  57,  57,  57,  56,   0,   0,   0,   0,   0,   0, 
700: 4   3   2   1   0 |  57,  57,  57,  57,  57,  57,  57,   0,   0,   0,   0,   0,   0, 
701: 5   4   3   2   1 |  58,  57,  57,  57,  57,  57,  57,   0,   0,   0,   0,   0,   0, 
702: 6   5   4   3   2 |  58,  58,  57,  57,  57,  57,  57,   0,   0,   0,   0,   0,   0, 
703: 7   6   5   4   3 |  58,  58,  58,  57,  57,  57,  57,   0,   0,   0,   0,   0,   0, 
704: 0   7   6   5   4 |  58,  58,  58,  58,  57,  57,  57,   0,   0,   0,   0,   0,   0, 
705: 1   0   7   6   5 |  58,  58,  58,  58,  58,  57,  57,   0,   0,   0,   0,   0,   0, 
706: 2   1   0   7   6 |  58,  58,  58,  58,  58,  58,  57,   0,   0,   0,   0,   0,   0, 
707: 3   2   1   0   7 |  58,  58,  58,  58,  58,  58,  57,   0,   0,   0,   0,   0,   0, 
708: 4   3   2   1   0 |  58,  58,  58,  58,  58,  58,  58,   0,   0,   0,   0,   0,   0, 
709: 5   4   3   2   1 |  59,  58,  58,  58,  58,  58,  58,   0,   0,   0,   0,   0,   0, 
710: 6   5   4   3   2 |  59,  59,  58,  58,  58,  58,  58,   0,   0,   0,   0,   0,   0, 
711: 7   6   5   4   3 |  59,  59,  59,  58,  58,  58,  58,   0,   0,   0,   0,   0,   0, 
712: 0   7   6   5   4 |  59,  59,  59,  59,  58,  58,  58,   0,   0,   0,   0,   0,   0, 
713: 1   0   7   6   5 |  59,  59,  59,  59,  59,  58,  58,   0,   0,   0,   0,   0,   0, 
714: 2   1   0   7   6 |  59,  59,  59,  59,  59,  59,  58,   0,   0,   0,   0,   0,   0, 
715: 3   2   1   0   7 |  59,  59,  59,  59,  59,  59,  58,   0,   0,   0,   0,   0,   0, 
716: 4   3   2   1   0 |  59,  59,  59,  59,  59,  59,  59,   0,   0,   0,   0,   0,   0, 
717: 5   4   3   2   1 |  5A,  59,  59,  59,  59,  59,  59,   0,   0,   0,   0,   0,   0, 
718: 6   5   4   3   2 |  5A,  5A,  59,  59,  59,  59,  59,   0,   0,   0,   0,   0,   0, 
719: 7   6   5   4   3 |  5A,  5A,  5A,  59,  59,  59,  59,   0,   0,   0,   0,   0,   0, 
720: 0   7   6   5   4 |  5A,  5A,  5A,  5A,  59,  59,  59,   0,   0,   0,   0,   0,   0, 
721: 1   0   7   6   5 |  5A,  5A,  5A,  5A,  5A,  59,  59,   0,   0,   0,   0,   0,   0, 
722: 2   1   0   7   6 |  5A,  5A,  5A,  5A,  5A,  5A,  59,   0,   0,   0,   0,   0,   0, 
723: 3   2   1   0   7 |  5A,  5A,  5A,  5A,  5A,  5A,  59,   0,   0,   0,   0,   0,   0, 
724: 4   3   2   1   0 |  5A,  5A,  5A,  5A,  5A,  5A,  5A,   0,   0,   0,   0,   0,   0, 
725: 5   4   3   2   1 |  5B,  5A,  5A,  5A,  5A,  5A,  5A,   0,   0,   0,   0,   0,   0, 
726: 6   5   4   3   2 |  5B,  5B,  5A,  5A,  5A,  5A,  5A,   0,   0,   0,   0,   0,   0, 
727: 7   6   5   4   3 |  5B,  5B,  5B,  5A,  5A,  5A,  5A,   0,   0,   0,   0,   0,   0, 
728: 0   7   6   5   4 |  5B,  5B,  5B,  5B,  5A,  5A,  5A,   0,   0,   0,   0,   0,   0, 
729: 1   0   7   6   5 |  5B,  5B,  5B,  5B,  5B,  5A,  5A,   0,   0,   0,   0,   0,   0, 
730: 2   1   0   7   6 |  5B,  5B,  5B,  5B,  5B,  5B,  5A,   0,   0,   0,   0,   0,   0, 
731: 3   2   1   0   7 |  5B,  5B,  5B,  5B,  5B,  5B,  5A,   0,   0,   0,   0,   0,   0, 
732: 4   3   2   1   0 |  5B,  5B,  5B,  5B,  5B,  5B,  5B,   0,   0,   0,   0,   0,   0, 
733: 5   4   3   2   1 |  5C,  5B,  5B,  5B,  5B,  5B,  5B,   0,   0,   0,   0,   0,   0, 
734: 6   5   4   3   2 |  5C,  5C,  5B,  5B,  5B,  5B,  5B,   0,   0,   0,   0,   0,   0, 
735: 7   6   5   4   3 |  5C,  5C,  5C,  5B,  5B,  5B,  5B,   0,   0,   0,   0,   0,   0, 
736: 0   7   6   5   4 |  5C,  5C,  5C,  5C,  5B,  5B,  5B,   0,   0,   0,   0,   0,   0, 
737: 1   0   7   6   5 |  5C,  5C,  5C,  5C,  5C,  5B,  5B,   0,   0,   0,   0,   0,   0, 
738: 2   1   0   7   6 |  5C,  5C,  5C,  5C,  5C,  5C,  5B,   0,   0,   0,   0,   0,   0, 
739: 3   2   1   0   7 |  5C,  5C,  5C,  5C,  5C,  5C,  5B,   0,   0,   0,   0,   0,   0, 
740: 4   3   2   1   0 |  5C,  5C,  5C,  5C,  5C,  5C,  5C,   0,   0,   0,   0,   0,   0, 
741: 5   4   3   2   1 |  5D,  5C,  5C,  5C,  5C,  5C,  5C,   0,   0,   0,   0,   0,   0, 
742: 6   5   4   3   2 |  5D,  5D,  5C,  5C,  5C,  5C,  5C,   0,   0,   0,   0,   0,   0, 
743: 7   6   5   4   3 |  5D,  5D,  5D,  5C,  5C,  5C,  5C,   0,   0,   0,   0,   0,   0, 
744: 0   7   6   5   4 |  5D,  5D,  5D,  5D,  5C,  5C,  5C,   0,   0,   0,   0,   0,   0, 
745: 1   0   7   6   5 |  5D,  5D,  5D,  5D,  5D,  5C,  5C,   0,   0,   0,   0,   0,   0, 
746: 2   1   0   7   6 |  5D,  5D,  5D,  5D,  5D,  5D,  5C,   0,   0,   0,   0,   0,   0, 
747: 3   2   1   0   7 |  5D,  5D,  5D,  5D,  5D,  5D,  5C,   0,   0,   0,   0,   0,   0, 
748: 4   3   2   1   0 |  5D,  5D,  5D,  5D,  5D,  5D,  5D,   0,   0,   0,   0,   0,   0, 
749: 5   4   3   2   1 |  5E,  5D,  5D,  5D,  5D,  5D,  5D,   0,   0,   0,   0,   0,   0, 
750: 6   5   4   3   2 |  5E,  5E,  5D,  5D,  5D,  5D,  5D,   0,   0,   0,   0,   0,   0, 
751: 7   6   5   4   3 |  5E,  5E,  5E,  5D,  5D,  5D,  5D,   0,   0,   0,   0,   0,   0, 
752: 0   7   6   5   4 |  5E,  5E,  5E,  5E,  5D,  5D,  5D,   0,   0,   0,   0,   0,   0, 
753: 1   0   7   6   5 |  5E,  5E,  5E,  5E,  5E,  5D,  5D,   0,   0,   0,   0,   0,   0, 
754: 2   1   0   7   6 |  5E,  5E,  5E,  5E,  5E,  5E,  5D,   0,   0,   0,   0,   0,   0, 
755: 3   2   1   0   7 |  5E,  5E,  5E,  5E,  5E,  5E,  5D,   0,   0,   0,   0,   0,   0, 
756: 4   3   2   1   0 |  5E,  5E,  5E,  5E,  5E,  5E,  5E,   0,   0,   0,   0,   0,   0, 
757: 5   4   3   2   1 |  5F,  5E,  5E,  5E,  5E,  5E,  5E,   0,   0,   0,   0,   0,   0, 
758: 6   5   4   3   2 |  5F,  5F,  5E,  5E,  5E,  5E,  5E,   0,   0,   0,   0,   0,   0, 
759: 7   6   5   4   3 |  5F,  5F,  5F,  5E,  5E,  5E,  5E,   0,   0,   0,   0,   0,   0, 
760: 0   7   6   5   4 |  5F,  5F,  5F,  5F,  5E,  5E,  5E,   0,   0,   0,   0,   0,   0, 
761: 1   0   7   6   5 |  5F,  5F,  5F,  5F,  5F,  5E,  5E,   0,   0,   0,   0,   0,   0, 
762: 2   1   0   7   6 |  5F,  5F,  5F,  5F,  5F,  5F,  5E,   0,   0,   0,   0,   0,   0, 
763: 3   2   1   0   7 |  5F,  5F,  5F,  5F,  5F,  5F,  5E,   0,   0,   0,   0,   0,   0, 
764: 4   3   2   1   0 |  5F,  5F,  5F,  5F,  5F,  5F,  5F,   0,   0,   0,   0,   0,   0, 
765: 5   4   3   2   1 |  60,  5F,  5F,  5F,  5F,  5F,  5F,   0,   0,   0,   0,   0,   0, 
766: 6   5   4   3   2 |  60,  60,  5F,  5F,  5F,  5F,  5F,   0,   0,   0,   0,   0,   0, 
767: 7   6   5   4   3 |  60,  60,  60,  5F,  5F,  5F,  5F,   0,   0,   0,   0,   0,   0, 
768: 0   7   6   5   4 |  60,  60,  60,  60,  5F,  5F,  5F,   0,   0,   0,   0,   0,   0, 
769: 1   0   7   6   5 |  60,  60,  60,  60,  60,  5F,  5F,   0,   0,   0,   0,   0,   0, 
770: 2   1   0   7   6 |  60,  60,  60,  60,  60,  60,  5F,   0,   0,   0,   0,   0,   0, 
771: 3   2   1   0   7 |  60,  60,  60,  60,  60,  60,  5F,   0,   0,   0,   0,   0,   0, 
772: 4   3   2   1   0 |  60,  60,  60,  60,  60,  60,  60,   0,   0,   0,   0,   0,   0, 
773: 5   4   3   2   1 |  61,  60,  60,  60,  60,  60,  60,   0,   0,   0,   0,   0,   0, 
774: 6   5   4   3   2 |  61,  61,  60,  60,  60,  60,  60,   0,   0,   0,   0,   0,   0, 
775: 7   6   5   4   3 |  61,  61,  61,  60,  60,  60,  60,   0,   0,   0,   0,   0,   0, 
776: 0   7   6   5   4 |  61,  61,  61,  61,  60,  60,  60,   0,   0,   0,   0,   0,   0, 
777: 1   0   7   6   5 |  61,  61,  61,  61,  61,  60,  60,   0,   0,   0,   0,   0,   0, 
778: 2   1   0   7   6 |  61,  61,  61,  61,  61,  61,  60,   0,   0,   0,   0,   0,   0, 
779: 3   2   1   0   7 |  61,  61,  61,  61,  61,  61,  60,   0,   0,   0,   0,   0,   0, 
780: 4   3   2   1   0 |  61,  61,  61,  61,  61,  61,  61,   0,   0,   0,   0,   0,   0, 
781: 5   4   3   2   1 |  62,  61,  61,  61,  61,  61,  61,   0,   0,   0,   0,   0,   0, 
782: 6   5   4   3   2 |  62,  62,  61,  61,  61,  61,  61,   0,   0,   0,   0,   0,   0, 
783: 7   6   5   4   3 |  62,  62,  62,  61,  61,  61,  61,   0,   0,   0,   0,   0,   0, 
784: 0   7   6   5   4 |  62,  62,  62,  62,  61,  61,  61,   0,   0,   0,   0,   0,   0, 
785: 1   0   7   6   5 |  62,  62,  62,  62,  62,  61,  61,   0,   0,   0,   0,   0,   0, 
786: 2   1   0   7   6 |  62,  62,  62,  62,  62,  62,  61,   0,   0,   0,   0,   0,   0, 
787: 3   2   1   0   7 |  62,  62,  62,  62,  62,  62,  61,   0,   0,   0,   0,   0,   0, 
788: 4   3   2   1   0 |  62,  62,  62,  62,  62,  62,  62,   0,   0,   0,   0,   0,   0, 
789: 5   4   3   2   1 |  63,  62,  62,  62,  62,  62,  62,   0,   0,   0,   0,   0,   0, 
790: 6   5   4   3   2 |  63,  63,  62,  62,  62,  62,  62,   0,   0,   0,   0,   0,   0, 
791: 7   6   5   4   3 |  63,  63,  63,  62,  62,  62,  62,   0,   0,   0,   0,   0,   0, 
792: 0   7   6   5   4 |  63,  63,  63,  63,  62,  62,  62,   0,   0,   0,   0,   0,   0, 
793: 1   0   7   6   5 |  63,  63,  63,  63,  63,  62,  62,   0,   0,   0,   0,   0,   0, 
794: 2   1   0   7   6 |  63,  63,  63,  63,  63,  63,  62,   0,   0,   0,   0,   0,   0, 
795: 3   2   1   0   7 |  63,  63,  63,  63,  63,  63,  62,   0,   0,   0,   0,   0,   0, 
796: 4   3   2   1   0 |  63,  63,  63,  63,  63,  63,  63,   0,   0,   0,   0,   0,   0, 
797: 5   4   3   2   1 |  64,  63,  63,  63,  63,  63,  63,   0,   0,   0,   0,   0,   0, 
798: 6   5   4   3   2 |  64,  64,  63,  63,  63,  63,  63,   0,   0,   0,   0,   0,   0, 
799: 7   6   5   4   3 |  64,  64,  64,  63,  63,  63,  63,   0,   0,   0,   0,   0,   0, 
800: 8   7   6   5   4 |  64,  64,  64,  64,  63,  63,  63,   0,   0,   0,   0,   0,   0, 
801: 9   8   7   6   5 |  64,  64,  64,  64,  64,  63,  63,   0,   0,   0,   0,   0,   0, 
802: -   -   8   7   6 |  64,  64,  64,  64,  64,  64,  63,   0,   0,   0,   0,   0,   0, 
803: -   -   -   8   7 |  64,  64,  64,  64,  64,  64,  63,   0,   0,   0,   0,   0,   0, 
804: -   -   -   -   8 |  64,  64,  64,  64,  64,  64,  64,   0,   0,   0,   0,   0,   0, 
