  0: 0   -   -   -   - |   0,   0,   0,   0,   0,   0,   0,   0,   0,   0,   0,   0,   0, 
  1: 1   0   -   -   - |   0,   0,   0,   0,   0,   0,   0,   0,   0,   0,   0,   0,   0, 
  2: 2   1   0   -   - |   0,   0,   0,   0,   0,   0,   0,   0,   0,   0,   0,   0,   0, 
  3: 3   2   1   0   - |   0,   0,   0,   0,   0,   0,   0,   0,   0,   0,   0,   0,   0, 
  4: 4   3   2   1   0 |   0,   0,   0,   0,   0,   0,   0,   0,   0,   0,   0,   0,   0, 
  5: 4   3   -   2   1 |   1,   0,   0,   0,   0,   0,   0,   0,   0,   0,   0,   0,   0, 
  6: 4   3   -   -   2 |   1,   1,   0,   0,   0,   0,   0,   0,   0,   0,   0,   0,   0, 
  7: 0   4   3   -   - |   1,   1,   1,   0,   0,   0,   0,   0,   0,   0,   0,   0,   0, 
  8: 1   0   4   3   - |   1,   1,   1,   0,   0,   0,   0,   0,   0,   0,   0,   0,   0, 
  9: 2   1   0   4   3 |   1,   1,   1,   0,   0,   0,   0,   0,   0,   0,   0,   0,   0, 
 10: 3   2   1   0   4 |   1,   1,   1,   0,   0,   0,   0,   0,   0,   0,   0,   0,   0, 
 11: 4   3   2   1   0 |   1,   1,   1,   1,   0,   0,   0,   0,   0,   0,   0,   0,   0, 
 12: 4   3   -   2   1 |   2,   1,   1,   1,   0,   0,   0,   0,   0,   0,   0,   0,   0, 
 13: 4   3   -   -   2 |   2,   2,   1,   1,   0,   0,   0,   0,   0,   0,   0,   0,   0, 
 14: 0   4   3   -   - |   2,   2,   2,   1,   0,   0,   0,   0,   0,   0,   0,   0,   0, 
 15: 1   0   4   3   - |   2,   2,   2,   1,   0,   0,   0,   0,   0,   0,   0,   0,   0, 
 16: 2   1   0   4   3 |   2,   2,   2,   1,   0,   0,   0,   0,   0,   0,   0,   0,   0, 
 17: 3   2   1   0   4 |   2,   2,   2,   1,   0,   0,   0,   0,   0,   0,   0,   0,   0, 
 18: 4   3   2   1   0 |   2,   2,   2,   2,   0,   0,   0,   0,   0,   0,   0,   0,   0, 
 19: 4   3   -   2   1 |   3,   2,   2,   2,   0,   0,   0,   0,   0,   0,   0,   0,   0, 
 20: 4   3   -   -   2 |   3,   3,   2,   2,   0,   0,   0,   0,   0,   0,   0,   0,   0, 
 21: 0   4   3   -   - |   3,   3,   3,   2,   0,   0,   0,   0,   0,   0,   0,   0,   0, 
 22: 1   0   4   3   - |   3,   3,   3,   2,   0,   0,   0,   0,   0,   0,   0,   0,   0, 
 23: 2   1   0   4   3 |   3,   3,   3,   2,   0,   0,   0,   0,   0,   0,   0,   0,   0, 
 24: 3   2   1   0   4 |   3,   3,   3,   2,   0,   0,   0,   0,   0,   0,   0,   0,   0, 
 25: 4   3   2   1   0 |   3,   3,   3,   3,   0,   0,   0,   0,   0,   0,   0,   0,   0, 
 26: 4   3   -   2   1 |   4,   3,   3,   3,   0,   0,   0,   0,   0,   0,   0,   0,   0, 
 27: 4   3   -   -   2 |   4,   4,   3,   3,   0,   0,   0,   0,   0,   0,   0,   0,   0, 
 28: 0   4   3   -   - |   4,   4,   4,   3,   0,   0,   0,   0,   0,   0,   0,   0,   0, 
 29: 1   0   4   3   - |   4,   4,   4,   3,   0,   0,   0,   0,   0,   0,   0,   0,   0, 
 30: 2   1   0   4   3 |   4,   4,   4,   3,   0,   0,   0,   0,   0,   0,   0,   0,   0, 
 31: 3   2   1   0   4 |   4,   4,   4,   3,   0,   0,   0,   0,   0,   0,   0,   0,   0, 
 32: 4   3   2   1   0 |   4,   4,   4,   4,   0,   0,   0,   0,   0,   0,   0,   0,   0, 
 33: 4   3   -   2   1 |   5,   4,   4,   4,   0,   0,   0,   0,   0,   0,   0,   0,   0, 
 34: 4   3   -   -   2 |   5,   5,   4,   4,   0,   0,   0,   0,   0,   0,   0,   0,   0, 
 35: 0   4   3   -   - |   5,   5,   5,   4,   0,   0,   0,   0,   0,   0,   0,   0,   0, 
 36: 1   0   4   3   - |   5,   5,   5,   4,   0,   0,   0,   0,   0,   0,   0,   0,   0, 
 37: 2   1   0   4   3 |   5,   5,   5,   4,   0,   0,   0,   0,   0,   0,   0,   0,   0, 
 38: 3   2   1   0   4 |   5,   5,   5,   4,   0,   0,   0,   0,   0,   0,   0,   0,   0, 
 39: 4   3   2   1   0 |   5,   5,   5,   5,   0,   0,   0,   0,   0,   0,   0,   0,   0, 
 40: 4   3   -   2   1 |   6,   5,   5,   5,   0,   0,   0,   0,   0,   0,   0,   0,   0, 
 41: 4   3   -   -   2 |   6,   6,   5,   5,   0,   0,   0,   0,   0,   0,   0,   0,   0, 
 42: 0   4   3   -   - |   6,   6,   6,   5,   0,   0,   0,   0,   0,   0,   0,   0,   0, 
 43: 1   0   4   3   - |   6,   6,   6,   5,   0,   0,   0,   0,   0,   0,   0,   0,   0, 
 44: 2   1   0   4   3 |   6,   6,   6,   5,   0,   0,   0,   0,   0,   0,   0,   0,   0, 
 45: 3   2   1   0   4 |   6,   6,   6,   5,   0,   0,   0,   0,   0,   0,   0,   0,   0, 
 46: 4   3   2   1   0 |   6,   6,   6,   6,   0,   0,   0,   0,   0,   0,   0,   0,   0, 
 47: 4   3   -   2   1 |   7,   6,   6,   6,   0,   0,   0,   0,   0,   0,   0,   0,   0, 
 48: 4   3   -   -   2 |   7,   7,   6,   6,   0,   0,   0,   0,   0,   0,   0,   0,   0, 
 49: 0   4   3   -   - |   7,   7,   7,   6,   0,   0,   0,   0,   0,   0,   0,   0,   0, 
 50: 1   0   4   3   - |   7,   7,   7,   6,   0,   0,   0,   0,   0,   0,   0,   0,   0, 
 51: 2   1   0   4   3 |   7,   7,   7,   6,   0,   0,   0,   0,   0,   0,   0,   0,   0, 
 52: 3   2   1   0   4 |   7,   7,   7,   6,   0,   0,   0,   0,   0,   0,   0,   0,   0, 
 53: 4   3   2   1   0 |   7,   7,   7,   7,   0,   0,   0,   0,   0,   0,   0,   0,   0, 
 54: 4   3   -   2   1 |   8,   7,   7,   7,   0,   0,   0,   0,   0,   0,   0,   0,   0, 
 55: 4   3   -   -   2 |   8,   8,   7,   7,   0,   0,   0,   0,   0,   0,   0,   0,   0, 
 56: 0   4   3   -   - |   8,   8,   8,   7,   0,   0,   0,   0,   0,   0,   0,   0,   0, 
 57: 1   0   4   3   - |   8,   8,   8,   7,   0,   0,   0,   0,   0,   0,   0,   0,   0, 
 58: 2   1   0   4   3 |   8,   8,   8,   7,   0,   0,   0,   0,   0,   0,   0,   0,   0, 
 59: 3   2   1   0   4 |   8,   8,   8,   7,   0,   0,   0,   0,   0,   0,   0,   0,   0, 
 60: 4   3   2   1   0 |   8,   8,   8,   8,   0,   0,   0,   0,   0,   0,   0,   0,   0, 
 61: 4   3   -   2   1 |   9,   8,   8,   8,   0,   0,   0,   0,   0,   0,   0,   0,   0, 
 62: 4   3   -   -   2 |   9,   9,   8,   8,   0,   0,   0,   0,   0,   0,   0,   0,   0, 
 63: 0   4   3   -   - |   9,   9,   9,   8,   0,   0,   0,   0,   0,   0,   0,   0,   0, 
 64: 1   0   4   3   - |   9,   9,   9,   8,   0,   0,   0,   0,   0,   0,   0,   0,   0, 
 65: 2   1   0   4   3 |   9,   9,   9,   8,   0,   0,   0,   0,   0,   0,   0,   0,   0, 
 66: 3   2   1   0   4 |   9,   9,   9,   8,   0,   0,   0,   0,   0,   0,   0,   0,   0, 
 67: 4   3   2   1   0 |   9,   9,   9,   9,   0,   0,   0,   0,   0,   0,   0,   0,   0, 
 68: 4   3   -   2   1 |   A,   9,   9,   9,   0,   0,   0,   0,   0,   0,   0,   0,   0, 
 69: 4   3   -   -   2 |   A,   A,   9,   9,   0,   0,   0,   0,   0,   0,   0,   0,   0, 
 70: 0   4   3   -   - |   A,   A,   A,   9,   0,   0,   0,   0,   0,   0,   0,   0,   0, 
 71: 1   0   4   3   - |   A,   A,   A,   9,   0,   0,   0,   0,   0,   0,   0,   0,   0, 
 72: 2   1   0   4   3 |   A,   A,   A,   9,   0,   0,   0,   0,   0,   0,   0,   0,   0, 
 73: 3   2   1   0   4 |   A,   A,   A,   9,   0,   0,   0,   0,   0,   0,   0,   0,   0, 
 74: 4   3   2   1   0 |   A,   A,   A,   A,   0,   0,   0,   0,   0,   0,   0,   0,   0, 
 75: 4   3   -   2   1 |   B,   A,   A,   A,   0,   0,   0,   0,   0,   0,   0,   0,   0, 
 76: 4   3   -   -   2 |   B,   B,   A,   A,   0,   0,   0,   0,   0,   0,   0,   0,   0, 
 77: 0   4   3   -   - |   B,   B,   B,   A,   0,   0,   0,   0,   0,   0,   0,   0,   0, 
 78: 1   0   4   3   - |   B,   B,   B,   A,   0,   0,   0,   0,   0,   0,   0,   0,   0, 
 79: 2   1   0   4   3 |   B,   B,   B,   A,   0,   0,   0,   0,   0,   0,   0,   0,   0, 
 80: 3   2   1   0   4 |   B,   B,   B,   A,   0,   0,   0,   0,   0,   0,   0,   0,   0, 
 81: 4   3   2   1   0 |   B,   B,   B,   B,   0,   0,   0,   0,   0,   0,   0,   0,   0, 
 82: 4   3   -   2   1 |   C,   B,   B,   B,   0,   0,   0,   0,   0,   0,   0,   0,   0, 
 83: 4   3   -   -   2 |   C,   C,   B,   B,   0,   0,   0,   0,   0,   0,   0,   0,   0, 
 84: 0   4   3   -   - |   C,   C,   C,   B,   0,   0,   0,   0,   0,   0,   0,   0,   0, 
 85: 1   0   4   3   - |   C,   C,   C,   B,   0,   0,   0,   0,   0,   0,   0,   0,   0, 
 86: 2   1   0   4   3 |   C,   C,   C,   B,   0,   0,   0,   0,   0,   0,   0,   0,   0, 
 87: 3   2   1   0   4 |   C,   C,   C,   B,   0,   0,   0,   0,   0,   0,   0,   0,   0, 
 88: 4   3   2   1   0 |   C,   C,   C,   C,   0,   0,   0,   0,   0,   0,   0,   0,   0, 
 89: 4   3   -   2   1 |   D,   C,   C,   C,   0,   0,   0,   0,   0,   0,   0,   0,   0, 
 90: 4   3   -   -   2 |   D,   D,   C,   C,   0,   0,   0,   0,   0,   0,   0,   0,   0, 
 91: 0   4   3   -   - |   D,   D,   D,   C,   0,   0,   0,   0,   0,   0,   0,   0,   0, 
 92: 1   0   4   3   - |   D,   D,   D,   C,   0,   0,   0,   0,   0,   0,   0,   0,   0, 
 93: 2   1   0   4   3 |   D,   D,   D,   C,   0,   0,   0,   0,   0,   0,   0,   0,   0, 
 94: 3   2   1   0   4 |   D,   D,   D,   C,   0,   0,   0,   0,   0,   0,   0,   0,   0, 
 95: 4   3   2   1   0 |   D,   D,   D,   D,   0,   0,   0,   0,   0,   0,   0,   0,   0, 
 96: 4   3   -   2   1 |   E,   D,   D,   D,   0,   0,   0,   0,   0,   0,   0,   0,   0, 
 97: 4   3   -   -   2 |   E,   E,   D,   D,   0,   0,   0,   0,   0,   0,   0,   0,   0, 
 98: 0   4   3   -   - |   E,   E,   E,   D,   0,   0,   0,   0,   0,   0,   0,   0,   0, 
 99: 1   0   4   3   - |   E,   E,   E,   D,   0,   0,   0,   0,   0,   0,   0,   0,   0, 
100: 2   1   0   4   3 |   E,   E,   E,   D,   0,   0,   0,   0,   0,   0,   0,   0,   0, 
101: 3   2   1   0   4 |   E,   E,   E,   D,   0,   0,   0,   0,   0,   0,   0,   0,   0, 
102: 4   3   2   1   0 |   E,   E,   E,   E,   0,   0,   0,   0,   0,   0,   0,   0,   0, 
103: 4   3   -   2   1 |   F,   E,   E,   E,   0,   0,   0,   0,   0,   0,   0,   0,   0, 
104: 4   3   -   -   2 |   F,   F,   E,   E,   0,   0,   0,   0,   0,   0,   0,   0,   0, 
105: 0   4   3   -   - |   F,   F,   F,   E,   0,   0,   0,   0,   0,   0,   0,   0,   0, 
106: 1   0   4   3   - |   F,   F,   F,   E,   0,   0,   0,   0,   0,   0,   0,   0,   0, 
107: 2   1   0   4   3 |   F,   F,   F,   E,   0,   0,   0,   0,   0,   0,   0,   0,   0, 
108: 3   2   1   0   4 |   F,   F,   F,   E,   0,   0,   0,   0,   0,   0,   0,   0,   0, 
109: 4   3   2   1   0 |   F,   F,   F,   F,   0,   0,   0,   0,   0,   0,   0,   0,   0, 
110: 4   3   -   2   1 |  10,   F,   F,   F,   0,   0,   0,   0,   0,   0,   0,   0,   0, 
111: 4   3   -   -   2 |  10,  10,   F,   F,   0,   0,   0,   0,   0,   0,   0,   0,   0, 
112: 0   4   3   -   - |  10,  10,  10,   F,   0,   0,   0,   0,   0,   0,   0,   0,   0, 
113: 1   0   4   3   - |  10,  10,  10,   F,   0,   0,   0,   0,   0,   0,   0,   0,   0, 
114: 2   1   0   4   3 |  10,  10,  10,   F,   0,   0,   0,   0,   0,   0,   0,   0,   0, 
115: 3   2   1   0   4 |  10,  10,  10,   F,   0,   0,   0,   0,   0,   0,   0,   0,   0, 
116: 4   3   2   1   0 |  10,  10,  10,  10,   0,   0,   0,   0,   0,   0,   0,   0,   0, 
117: 4   3   -   2   1 |  11,  10,  10,  10,   0,   0,   0,   0,   0,   0,   0,   0,   0, 
118: 4   3   -   -   2 |  11,  11,  10,  10,   0,   0,   0,   0,   0,   0,   0,   0,   0, 
119: 0   4   3   -   - |  11,  11,  11,  10,   0,   0,   0,   0,   0,   0,   0,   0,   0, 
120: 1   0   4   3   - |  11,  11,  11,  10,   0,   0,   0,   0,   0,   0,   0,   0,   0, 
121: 2   1   0   4   3 |  11,  11,  11,  10,   0,   0,   0,   0,   0,   0,   0,   0,   0, 
122: 3   2   1   0   4 |  11,  11,  11,  10,   0,   0,   0,   0,   0,   0,   0,   0,   0, 
123: 4   3   2   1   0 |  11,  11,  11,  11,   0,   0,   0,   0,   0,   0,   0,   0,   0, 
124: 4   3   -   2   1 |  12,  11,  11,  11,   0,   0,   0,   0,   0,   0,   0,   0,   0, 
125: 4   3   -   -   2 |  12,  12,  11,  11,   0,   0,   0,   0,   0,   0,   0,   0,   0, 
126: 0   4   3   -   - |  12,  12,  12,  11,   0,   0,   0,   0,   0,   0,   0,   0,   0, 
127: 1   0   4   3   - |  12,  12,  12,  11,   0,   0,   0,   0,   0,   0,   0,   0,   0, 
128: 2   1   0   4   3 |  12,  12,  12,  11,   0,   0,   0,   0,   0,   0,   0,   0,   0, 
129: 3   2   1   0   4 |  12,  12,  12,  11,   0,   0,   0,   0,   0,   0,   0,   0,   0, 
130: 4   3   2   1   0 |  12,  12,  12,  12,   0,   0,   0,   0,   0,   0,   0,   0,   0, 
131: 4   3   -   2   1 |  13,  12,  12,  12,   0,   0,   0,   0,   0,   0,   0,   0,   0, 
132: 4   3   -   -   2 |  13,  13,  12,  12,   0,   0,   0,   0,   0,   0,   0,   0,   0, 
133: 0   4   3   -   - |  13,  13,  13,  12,   0,   0,   0,   0,   0,   0,   0,   0,   0, 
134: 1   0   4   3   - |  13,  13,  13,  12,   0,   0,   0,   0,   0,   0,   0,   0,   0, 
135: 2   1   0   4   3 |  13,  13,  13,  12,   0,   0,   0,   0,   0,   0,   0,   0,   0, 
136: 3   2   1   0   4 |  13,  13,  13,  12,   0,   0,   0,   0,   0,   0,   0,   0,   0, 
137: 4   3   2   1   0 |  13,  13,  13,  13,   0,   0,   0,   0,   0,   0,   0,   0,   0, 
138: 4   3   -   2   1 |  14,  13,  13,  13,   0,   0,   0,   0,   0,   0,   0,   0,   0, 
139: 4   3   -   -   2 |  14,  14,  13,  13,   0,   0,   0,   0,   0,   0,   0,   0,   0, 
140: 0   4   3   -   - |  14,  14,  14,  13,   0,   0,   0,   0,   0,   0,   0,   0,   0, 
141: 1   0   4   3   - |  14,  14,  14,  13,   0,   0,   0,   0,   0,   0,   0,   0,   0, 
142: 2   1   0   4   3 |  14,  14,  14,  13,   0,   0,   0,   0,   0,   0,   0,   0,   0, 
143: 3   2   1   0   4 |  14,  14,  14,  13,   0,   0,   0,   0,   0,   0,   0,   0,   0, 
144: 4   3   2   1   0 |  14,  14,  14,  14,   0,   0,   0,   0,   0,   0,   0,   0,   0, 
145: 4   3   -   2   1 |  15,  14,  14,  14,   0,   0,   0,   0,   0,   0,   0,   0,   0, 
146: 4   3   -   -   2 |  15,  15,  14,  14,   0,   0,   0,   0,   0,   0,   0,   0,   0, 
147: 0   4   3   -   - |  15,  15,  15,  14,   0,   0,   0,   0,   0,   0,   0,   0,   0, 
148: 1   0   4   3   - |  15,  15,  15,  14,   0,   0,   0,   0,   0,   0,   0,   0,   0, 
149: 2   1   0   4   3 |  15,  15,  15,  14,   0,   0,   0,   0,   0,   0,   0,   0,   0, 
150: 3   2   1   0   4 |  15,  15,  15,  14,   0,   0,   0,   0,   0,   0,   0,   0,   0, 
151: 4   3   2   1   0 |  15,  15,  15,  15,   0,   0,   0,   0,   0,   0,   0,   0,   0, 
152: 4   3   -   2   1 |  16,  15,  15,  15,   0,   0,   0,   0,   0,   0,   0,   0,   0, 
153: 4   3   -   -   2 |  16,  16,  15,  15,   0,   0,   0,   0,   0,   0,   0,   0,   0, 
154: 0   4   3   -   - |  16,  16,  16,  15,   0,   0,   0,   0,   0,   0,   0,   0,   0, 
155: 1   0   4   3   - |  16,  16,  16,  15,   0,   0,   0,   0,   0,   0,   0,   0,   0, 
156: 2   1   0   4   3 |  16,  16,  16,  15,   0,   0,   0,   0,   0,   0,   0,   0,   0, 
157: 3   2   1   0   4 |  16,  16,  16,  15,   0,   0,   0,   0,   0,   0,   0,   0,   0, 
158: 4   3   2   1   0 |  16,  16,  16,  16,   0,   0,   0,   0,   0,   0,   0,   0,   0, 
159: 4   3   -   2   1 |  17,  16,  16,  16,   0,   0,   0,   0,   0,   0,   0,   0,   0, 
160: 4   3   -   -   2 |  17,  17,  16,  16,   0,   0,   0,   0,   0,   0,   0,   0,   0, 
161: 0   4   3   -   - |  17,  17,  17,  16,   0,   0,   0,   0,   0,   0,   0,   0,   0, 
162: 1   0   4   3   - |  17,  17,  17,  16,   0,   0,   0,   0,   0,   0,   0,   0,   0, 
163: 2   1   0   4   3 |  17,  17,  17,  16,   0,   0,   0,   0,   0,   0,   0,   0,   0, 
164: 3   2   1   0   4 |  17,  17,  17,  16,   0,   0,   0,   0,   0,   0,   0,   0,   0, 
165: 4   3   2   1   0 |  17,  17,  17,  17,   0,   0,   0,   0,   0,   0,   0,   0,   0, 
166: 4   3   -   2   1 |  18,  17,  17,  17,   0,   0,   0,   0,   0,   0,   0,   0,   0, 
167: 4   3   -   -   2 |  18,  18,  17,  17,   0,   0,   0,   0,   0,   0,   0,   0,   0, 
168: 0   4   3   -   - |  18,  18,  18,  17,   0,   0,   0,   0,   0,   0,   0,   0,   0, 
169: 1   0   4   3   - |  18,  18,  18,  17,   0,   0,   0,   0,   0,   0,   0,   0,   0, 
170: 2   1   0   4   3 |  18,  18,  18,  17,   0,   0,   0,   0,   0,   0,   0,   0,   0, 
171: 3   2   1   0   4 |  18,  18,  18,  17,   0,   0,   0,   0,   0,   0,   0,   0,   0, 
172: 4   3   2   1   0 |  18,  18,  18,  18,   0,   0,   0,   0,   0,   0,   0,   0,   0, 
173: 4   3   -   2   1 |  19,  18,  18,  18,   0,   0,   0,   0,   0,   0,   0,   0,   0, 
174: 4   3   -   -   2 |  19,  19,  18,  18,   0,   0,   0,   0,   0,   0,   0,   0,   0, 
175: 0   4   3   -   - |  19,  19,  19,  18,   0,   0,   0,   0,   0,   0,   0,   0,   0, 
176: 1   0   4   3   - |  19,  19,  19,  18,   0,   0,   0,   0,   0,   0,   0,   0,   0, 
177: 2   1   0   4   3 |  19,  19,  19,  18,   0,   0,   0,   0,   0,   0,   0,   0,   0, 
178: 3   2   1   0   4 |  19,  19,  19,  18,   0,   0,   0,   0,   0,   0,   0,   0,   0, 
179: 4   3   2   1   0 |  19,  19,  19,  19,   0,   0,   0,   0,   0,   0,   0,   0,   0, 
180: 4   3   -   2   1 |  1A,  19,  19,  19,   0,   0,   0,   0,   0,   0,   0,   0,   0, 
181: 4   3   -   -   2 |  1A,  1A,  19,  19,   0,   0,   0,   0,   0,   0,   0,   0,   0, 
182: 0   4   3   -   - |  1A,  1A,  1A,  19,   0,   0,   0,   0,   0,   0,   0,   0,   0, 
183: 1   0   4   3   - |  1A,  1A,  1A,  19,   0,   0,   0,   0,   0,   0,   0,   0,   0, 
184: 2   1   0   4   3 |  1A,  1A,  1A,  19,   0,   0,   0,   0,   0,   0,   0,   0,   0, 
185: 3   2   1   0   4 |  1A,  1A,  1A,  19,   0,   0,   0,   0,   0,   0,   0,   0,   0, 
186: 4   3   2   1   0 |  1A,  1A,  1A,  1A,   0,   0,   0,   0,   0,   0,   0,   0,   0, 
187: 4   3   -   2   1 |  1B,  1A,  1A,  1A,   0,   0,   0,   0,   0,   0,   0,   0,   0, 
188: 4   3   -   -   2 |  1B,  1B,  1A,  1A,   0,   0,   0,   0,   0,   0,   0,   0,   0, 
189: 0   4   3   -   - |  1B,  1B,  1B,  1A,   0,   0,   0,   0,   0,   0,   0,   0,   0, 
190: 1   0   4   3   - |  1B,  1B,  1B,  1A,   0,   0,   0,   0,   0,   0,   0,   0,   0, 
191: 2   1   0   4   3 |  1B,  1B,  1B,  1A,   0,   0,   0,   0,   0,   0,   0,   0,   0, 
192: 3   2   1   0   4 |  1B,  1B,  1B,  1A,   0,   0,   0,   0,   0,   0,   0,   0,   0, 
193: 4   3   2   1   0 |  1B,  1B,  1B,  1B,   0,   0,   0,   0,   0,   0,   0,   0,   0, 
194: 4   3   -   2   1 |  1C,  1B,  1B,  1B,   0,   0,   0,   0,   0,   0,   0,   0,   0, 
195: 4   3   -   -   2 |  1C,  1C,  1B,  1B,   0,   0,   0,   0,   0,   0,   0,   0,   0, 
196: 0   4   3   -   - |  1C,  1C,  1C,  1B,   0,   0,   0,   0,   0,   0,   0,   0,   0, 
197: 1   0   4   3   - |  1C,  1C,  1C,  1B,   0,   0,   0,   0,   0,   0,   0,   0,   0, 
198: 2   1   0   4   3 |  1C,  1C,  1C,  1B,   0,   0,   0,   0,   0,   0,   0,   0,   0, 
199: 3   2   1   0   4 |  1C,  1C,  1C,  1B,   0,   0,   0,   0,   0,   0,   0,   0,   0, 
200: 4   3   2   1   0 |  1C,  1C,  1C,  1C,   0,   0,   0,   0,   0,   0,   0,   0,   0, 
201: 4   3   -   2   1 |  1D,  1C,  1C,  1C,   0,   0,   0,   0,   0,   0,   0,   0,   0, 
202: 4   3   -   -   2 |  1D,  1D,  1C,  1C,   0,   0,   0,   0,   0,   0,   0,   0,   0, 
203: 0   4   3   -   - |  1D,  1D,  1D,  1C,   0,   0,   0,   0,   0,   0,   0,   0,   0, 
204: 1   0   4   3   - |  1D,  1D,  1D,  1C,   0,   0,   0,   0,   0,   0,   0,   0,   0, 
205: 2   1   0   4   3 |  1D,  1D,  1D,  1C,   0,   0,   0,   0,   0,   0,   0,   0,   0, 
206: 3   2   1   0   4 |  1D,  1D,  1D,  1C,   0,   0,   0,   0,   0,   0,   0,   0,   0, 
207: 4   3   2   1   0 |  1D,  1D,  1D,  1D,   0,   0,   0,   0,   0,   0,   0,   0,   0, 
208: 4   3   -   2   1 |  1E,  1D,  1D,  1D,   0,   0,   0,   0,   0,   0,   0,   0,   0, 
209: 4   3   -   -   2 |  1E,  1E,  1D,  1D,   0,   0,   0,   0,   0,   0,   0,   0,   0, 
210: 0   4   3   -   - |  1E,  1E,  1E,  1D,   0,   0,   0,   0,   0,   0,   0,   0,   0, 
211: 1   0   4   3   - |  1E,  1E,  1E,  1D,   0,   0,   0,   0,   0,   0,   0,   0,   0, 
212: 2   1   0   4   3 |  1E,  1E,  1E,  1D,   0,   0,   0,   0,   0,   0,   0,   0,   0, 
213: 3   2   1   0   4 |  1E,  1E,  1E,  1D,   0,   0,   0,   0,   0,   0,   0,   0,   0, 
214: 4   3   2   1   0 |  1E,  1E,  1E,  1E,   0,   0,   0,   0,   0,   0,   0,   0,   0, 
215: 4   3   -   2   1 |  1F,  1E,  1E,  1E,   0,   0,   0,   0,   0,   0,   0,   0,   0, 
216: 4   3   -   -   2 |  1F,  1F,  1E,  1E,   0,   0,   0,   0,   0,   0,   0,   0,   0, 
217: 0   4   3   -   - |  1F,  1F,  1F,  1E,   0,   0,   0,   0,   0,   0,   0,   0,   0, 
218: 1   0   4   3   - |  1F,  1F,  1F,  1E,   0,   0,   0,   0,   0,   0,   0,   0,   0, 
219: 2   1   0   4   3 |  1F,  1F,  1F,  1E,   0,   0,   0,   0,   0,   0,   0,   0,   0, 
220: 3   2   1   0   4 |  1F,  1F,  1F,  1E,   0,   0,   0,   0,   0,   0,   0,   0,   0, 
221: 4   3   2   1   0 |  1F,  1F,  1F,  1F,   0,   0,   0,   0,   0,   0,   0,   0,   0, 
222: 4   3   -   2   1 |  20,  1F,  1F,  1F,   0,   0,   0,   0,   0,   0,   0,   0,   0, 
223: 4   3   -   -   2 |  20,  20,  1F,  1F,   0,   0,   0,   0,   0,   0,   0,   0,   0, 
224: 0   4   3   -   - |  20,  20,  20,  1F,   0,   0,   0,   0,   0,   0,   0,   0,   0, 
225: 1   0   4   3   - |  20,  20,  20,  1F,   0,   0,   0,   0,   0,   0,   0,   0,   0, 
226: 2   1   0   4   3 |  20,  20,  20,  1F,   0,   0,   0,   0,   0,   0,   0,   0,   0, 
227: 3   2   1   0   4 |  20,  20,  20,  1F,   0,   0,   0,   0,   0,   0,   0,   0,   0, 
228: 4   3   2   1   0 |  20,  20,  20,  20,   0,   0,   0,   0,   0,   0,   0,   0,   0, 
229: 4   3   -   2   1 |  21,  20,  20,  20,   0,   0,   0,   0,   0,   0,   0,   0,   0, 
230: 4   3   -   -   2 |  21,  21,  20,  20,   0,   0,   0,   0,   0,   0,   0,   0,   0, 
231: 0   4   3   -   - |  21,  21,  21,  20,   0,   0,   0,   0,   0,   0,   0,   0,   0, 
232: 1   0   4   3   - |  21,  21,  21,  20,   0,   0,   0,   0,   0,   0,   0,   0,   0, 
233: 2   1   0   4   3 |  21,  21,  21,  20,   0,   0,   0,   0,   0,   0,   0,   0,   0, 
234: 3   2   1   0   4 |  21,  21,  21,  20,   0,   0,   0,   0,   0,   0,   0,   0,   0, 
235: 4   3   2   1   0 |  21,  21,  21,  21,   0,   0,   0,   0,   0,   0,   0,   0,   0, 
236: 4   3   -   2   1 |  22,  21,  21,  21,   0,   0,   0,   0,   0,   0,   0,   0,   0, 
237: 4   3   -   -   2 |  22,  22,  21,  21,   0,   0,   0,   0,   0,   0,   0,   0,   0, 
238: 0   4   3   -   - |  22,  22,  22,  21,   0,   0,   0,   0,   0,   0,   0,   0,   0, 
239: 1   0   4   3   - |  22,  22,  22,  21,   0,   0,   0,   0,   0,   0,   0,   0,   0, 
240: 2   1   0   4   3 |  22,  22,  22,  21,   0,   0,   0,   0,   0,   0,   0,   0,   0, 
241: 3   2   1   0   4 |  22,  22,  22,  21,   0,   0,   0,   0,   0,   0,   0,   0,   0, 
242: 4   3   2   1   0 |  22,  22,  22,  22,   0,   0,   0,   0,   0,   0,   0,   0,   0, 
243: 4   3   -   2   1 |  23,  22,  22,  22,   0,   0,   0,   0,   0,   0,   0,   0,   0, 
244: 4   3   -   -   2 |  23,  23,  22,  22,   0,   0,   0,   0,   0,   0,   0,   0,   0, 
245: 0   4   3   -   - |  23,  23,  23,  22,   0,   0,   0,   0,   0,   0,   0,   0,   0, 
246: 1   0   4   3   - |  23,  23,  23,  22,   0,   0,   0,   0,   0,   0,   0,   0,   0, 
247: 2   1   0   4   3 |  23,  23,  23,  22,   0,   0,   0,   0,   0,   0,   0,   0,   0, 
248: 3   2   1   0   4 |  23,  23,  23,  22,   0,   0,   0,   0,   0,   0,   0,   0,   0, 
249: 4   3   2   1   0 |  23,  23,  23,  23,   0,   0,   0,   0,   0,   0,   0,   0,   0, 
250: 4   3   -   2   1 |  24,  23,  23,  23,   0,   0,   0,   0,   0,   0,   0,   0,   0, 
251: 4   3   -   -   2 |  24,  24,  23,  23,   0,   0,   0,   0,   0,   0,   0,   0,   0, 
252: 0   4   3   -   - |  24,  24,  24,  23,   0,   0,   0,   0,   0,   0,   0,   0,   0, 
253: 1   0   4   3   - |  24,  24,  24,  23,   0,   0,   0,   0,   0,   0,   0,   0,   0, 
254: 2   1   0   4   3 |  24,  24,  24,  23,   0,   0,   0,   0,   0,   0,   0,   0,   0, 
255: 3   2   1   0   4 |  24,  24,  24,  23,   0,   0,   0,   0,   0,   0,   0,   0,   0, 
256: 4   3   2   1   0 |  24,  24,  24,  24,   0,   0,   0,   0,   0,   0,   0,   0,   0, 
257: 4   3   -   2   1 |  25,  24,  24,  24,   0,   0,   0,   0,   0,   0,   0,   0,   0, 
258: 4   3   -   -   2 |  25,  25,  24,  24,   0,   0,   0,   0,   0,   0,   0,   0,   0, 
259: 0   4   3   -   - |  25,  25,  25,  24,   0,   0,   0,   0,   0,   0,   0,   0,   0, 
260: 1   0   4   3   - |  25,  25,  25,  24,   0,   0,   0,   0,   0,   0,   0,   0,   0, 
261: 2   1   0   4   3 |  25,  25,  25,  24,   0,   0,   0,   0,   0,   0,   0,   0,   0, 
262: 3   2   1   0   4 |  25,  25,  25,  24,   0,   0,   0,   0,   0,   0,   0,   0,   0, 
263: 4   3   2   1   0 |  25,  25,  25,  25,   0,   0,   0,   0,   0,   0,   0,   0,   0, 
264: 4   3   -   2   1 |  26,  25,  25,  25,   0,   0,   0,   0,   0,   0,   0,   0,   0, 
265: 4   3   -   -   2 |  26,  26,  25,  25,   0,   0,   0,   0,   0,   0,   0,   0,   0, 
266: 0   4   3   -   - |  26,  26,  26,  25,   0,   0,   0,   0,   0,   0,   0,   0,   0, 
267: 1   0   4   3   - |  26,  26,  26,  25,   0,   0,   0,   0,   0,   0,   0,   0,   0, 
268: 2   1   0   4   3 |  26,  26,  26,  25,   0,   0,   0,   0,   0,   0,   0,   0,   0, 
269: 3   2   1   0   4 |  26,  26,  26,  25,   0,   0,   0,   0,   0,   0,   0,   0,   0, 
270: 4   3   2   1   0 |  26,  26,  26,  26,   0,   0,   0,   0,   0,   0,   0,   0,   0, 
271: 4   3   -   2   1 |  27,  26,  26,  26,   0,   0,   0,   0,   0,   0,   0,   0,   0, 
272: 4   3   -   -   2 |  27,  27,  26,  26,   0,   0,   0,   0,   0,   0,   0,   0,   0, 
273: 0   4   3   -   - |  27,  27,  27,  26,   0,   0,   0,   0,   0,   0,   0,   0,   0, 
274: 1   0   4   3   - |  27,  27,  27,  26,   0,   0,   0,   0,   0,   0,   0,   0,   0, 
275: 2   1   0   4   3 |  27,  27,  27,  26,   0,   0,   0,   0,   0,   0,   0,   0,   0, 
276: 3   2   1   0   4 |  27,  27,  27,  26,   0,   0,   0,   0,   0,   0,   0,   0,   0, 
277: 4   3   2   1   0 |  27,  27,  27,  27,   0,   0,   0,   0,   0,   0,   0,   0,   0, 
278: 4   3   -   2   1 |  28,  27,  27,  27,   0,   0,   0,   0,   0,   0,   0,   0,   0, 
279: 4   3   -   -   2 |  28,  28,  27,  27,   0,   0,   0,   0,   0,   0,   0,   0,   0, 
280: 0   4   3   -   - |  28,  28,  28,  27,   0,   0,   0,   0,   0,   0,   0,   0,   0, 
281: 1   0   4   3   - |  28,  28,  28,  27,   0,   0,   0,   0,   0,   0,   0,   0,   0, 
282: 2   1   0   4   3 |  28,  28,  28,  27,   0,   0,   0,   0,   0,   0,   0,   0,   0, 
283: 3   2   1   0   4 |  28,  28,  28,  27,   0,   0,   0,   0,   0,   0,   0,   0,   0, 
284: 4   3   2   1   0 |  28,  28,  28,  28,   0,   0,   0,   0,   0,   0,   0,   0,   0, 
285: 4   3   -   2   1 |  29,  28,  28,  28,   0,   0,   0,   0,   0,   0,   0,   0,   0, 
286: 4   3   -   -   2 |  29,  29,  28,  28,   0,   0,   0,   0,   0,   0,   0,   0,   0, 
287: 0   4   3   -   - |  29,  29,  29,  28,   0,   0,   0,   0,   0,   0,   0,   0,   0, 
288: 1   0   4   3   - |  29,  29,  29,  28,   0,   0,   0,   0,   0,   0,   0,   0,   0, 
289: 2   1   0   4   3 |  29,  29,  29,  28,   0,   0,   0,   0,   0,   0,   0,   0,   0, 
290: 3   2   1   0   4 |  29,  29,  29,  28,   0,   0,   0,   0,   0,   0,   0,   0,   0, 
291: 4   3   2   1   0 |  29,  29,  29,  29,   0,   0,   0,   0,   0,   0,   0,   0,   0, 
292: 4   3   -   2   1 |  2A,  29,  29,  29,   0,   0,   0,   0,   0,   0,   0,   0,   0, 
293: 4   3   -   -   2 |  2A,  2A,  29,  29,   0,   0,   0,   0,   0,   0,   0,   0,   0, 
294: 0   4   3   -   - |  2A,  2A,  2A,  29,   0,   0,   0,   0,   0,   0,   0,   0,   0, 
295: 1   0   4   3   - |  2A,  2A,  2A,  29,   0,   0,   0,   0,   0,   0,   0,   0,   0, 
296: 2   1   0   4   3 |  2A,  2A,  2A,  29,   0,   0,   0,   0,   0,   0,   0,   0,   0, 
297: 3   2   1   0   4 |  2A,  2A,  2A,  29,   0,   0,   0,   0,   0,   0,   0,   0,   0, 
298: 4   3   2   1   0 |  2A,  2A,  2A,  2A,   0,   0,   0,   0,   0,   0,   0,   0,   0, 
299: 4   3   -   2   1 |  2B,  2A,  2A,  2A,   0,   0,   0,   0,   0,   0,   0,   0,   0, 
300: 4   3   -   -   2 |  2B,  2B,  2A,  2A,   0,   0,   0,   0,   0,   0,   0,   0,   0, 
301: 0   4   3   -   - |  2B,  2B,  2B,  2A,   0,   0,   0,   0,   0,   0,   0,   0,   0, 
302: 1   0   4   3   - |  2B,  2B,  2B,  2A,   0,   0,   0,   0,   0,   0,   0,   0,   0, 
303: 2   1   0   4   3 |  2B,  2B,  2B,  2A,   0,   0,   0,   0,   0,   0,   0,   0,   0, 
304: 3   2   1   0   4 |  2B,  2B,  2B,  2A,   0,   0,   0,   0,   0,   0,   0,   0,   0, 
305: 4   3   2   1   0 |  2B,  2B,  2B,  2B,   0,   0,   0,   0,   0,   0,   0,   0,   0, 
306: 4   3   -   2   1 |  2C,  2B,  2B,  2B,   0,   0,   0,   0,   0,   0,   0,   0,   0, 
307: 4   3   -   -   2 |  2C,  2C,  2B,  2B,   0,   0,   0,   0,   0,   0,   0,   0,   0, 
308: 0   4   3   -   - |  2C,  2C,  2C,  2B,   0,   0,   0,   0,   0,   0,   0,   0,   0, 
309: 1   0   4   3   - |  2C,  2C,  2C,  2B,   0,   0,   0,   0,   0,   0,   0,   0,   0, 
310: 2   1   0   4   3 |  2C,  2C,  2C,  2B,   0,   0,   0,   0,   0,   0,   0,   0,   0, 
311: 3   2   1   0   4 |  2C,  2C,  2C,  2B,   0,   0,   0,   0,   0,   0,   0,   0,   0, 
312: 4   3   2   1   0 |  2C,  2C,  2C,  2C,   0,   0,   0,   0,   0,   0,   0,   0,   0, 
313: 4   3   -   2   1 |  2D,  2C,  2C,  2C,   0,   0,   0,   0,   0,   0,   0,   0,   0, 
314: 4   3   -   -   2 |  2D,  2D,  2C,  2C,   0,   0,   0,   0,   0,   0,   0,   0,   0, 
315: 0   4   3   -   - |  2D,  2D,  2D,  2C,   0,   0,   0,   0,   0,   0,   0,   0,   0, 
316: 1   0   4   3   - |  2D,  2D,  2D,  2C,   0,   0,   0,   0,   0,   0,   0,   0,   0, 
317: 2   1   0   4   3 |  2D,  2D,  2D,  2C,   0,   0,   0,   0,   0,   0,   0,   0,   0, 
318: 3   2   1   0   4 |  2D,  2D,  2D,  2C,   0,   0,   0,   0,   0,   0,   0,   0,   0, 
319: 4   3   2   1   0 |  2D,  2D,  2D,  2D,   0,   0,   0,   0,   0,   0,   0,   0,   0, 
320: 4   3   -   2   1 |  2E,  2D,  2D,  2D,   0,   0,   0,   0,   0,   0,   0,   0,   0, 
321: 4   3   -   -   2 |  2E,  2E,  2D,  2D,   0,   0,   0,   0,   0,   0,   0,   0,   0, 
322: 0   4   3   -   - |  2E,  2E,  2E,  2D,   0,   0,   0,   0,   0,   0,   0,   0,   0, 
323: 1   0   4   3   - |  2E,  2E,  2E,  2D,   0,   0,   0,   0,   0,   0,   0,   0,   0, 
324: 2   1   0   4   3 |  2E,  2E,  2E,  2D,   0,   0,   0,   0,   0,   0,   0,   0,   0, 
325: 3   2   1   0   4 |  2E,  2E,  2E,  2D,   0,   0,   0,   0,   0,   0,   0,   0,   0, 
326: 4   3   2   1   0 |  2E,  2E,  2E,  2E,   0,   0,   0,   0,   0,   0,   0,   0,   0, 
327: 4   3   -   2   1 |  2F,  2E,  2E,  2E,   0,   0,   0,   0,   0,   0,   0,   0,   0, 
328: 4   3   -   -   2 |  2F,  2F,  2E,  2E,   0,   0,   0,   0,   0,   0,   0,   0,   0, 
329: 0   4   3   -   - |  2F,  2F,  2F,  2E,   0,   0,   0,   0,   0,   0,   0,   0,   0, 
330: 1   0   4   3   - |  2F,  2F,  2F,  2E,   0,   0,   0,   0,   0,   0,   0,   0,   0, 
331: 2   1   0   4   3 |  2F,  2F,  2F,  2E,   0,   0,   0,   0,   0,   0,   0,   0,   0, 
332: 3   2   1   0   4 |  2F,  2F,  2F,  2E,   0,   0,   0,   0,   0,   0,   0,   0,   0, 
333: 4   3   2   1   0 |  2F,  2F,  2F,  2F,   0,   0,   0,   0,   0,   0,   0,   0,   0, 
334: 4   3   -   2   1 |  30,  2F,  2F,  2F,   0,   0,   0,   0,   0,   0,   0,   0,   0, 
335: 4   3   -   -   2 |  30,  30,  2F,  2F,   0,   0,   0,   0,   0,   0,   0,   0,   0, 
336: 0   4   3   -   - |  30,  30,  30,  2F,   0,   0,   0,   0,   0,   0,   0,   0,   0, 
337: 1   0   4   3   - |  30,  30,  30,  2F,   0,   0,   0,   0,   0,   0,   0,   0,   0, 
338: 2   1   0   4   3 |  30,  30,  30,  2F,   0,   0,   0,   0,   0,   0,   0,   0,   0, 
339: 3   2   1   0   4 |  30,  30,  30,  2F,   0,   0,   0,   0,   0,   0,   0,   0,   0, 
340: 4   3   2   1   0 |  30,  30,  30,  30,   0,   0,   0,   0,   0,   0,   0,   0,   0, 
341: 4   3   -   2   1 |  31,  30,  30,  30,   0,   0,   0,   0,   0,   0,   0,   0,   0, 
342: 4   3   -   -   2 |  31,  31,  30,  30,   0,   0,   0,   0,   0,   0,   0,   0,   0, 
343: 0   4   3   -   - |  31,  31,  31,  30,   0,   0,   0,   0,   0,   0,   0,   0,   0, 
344: 1   0   4   3   - |  31,  31,  31,  30,   0,   0,   0,   0,   0,   0,   0,   0,   0, 
345: 2   1   0   4   3 |  31,  31,  31,  30,   0,   0,   0,   0,   0,   0,   0,   0,   0, 
346: 3   2   1   0   4 |  31,  31,  31,  30,   0,   0,   0,   0,   0,   0,   0,   0,   0, 
347: 4   3   2   1   0 |  31,  31,  31,  31,   0,   0,   0,   0,   0,   0,   0,   0,   0, 
348: 4   3   -   2   1 |  32,  31,  31,  31,   0,   0,   0,   0,   0,   0,   0,   0,   0, 
349: 4   3   -   -   2 |  32,  32,  31,  31,   0,   0,   0,   0,   0,   0,   0,   0,   0, 
350: 0   4   3   -   - |  32,  32,  32,  31,   0,   0,   0,   0,   0,   0,   0,   0,   0, 
351: 1   0   4   3   - |  32,  32,  32,  31,   0,   0,   0,   0,   0,   0,   0,   0,   0, 
352: 2   1   0   4   3 |  32,  32,  32,  31,   0,   0,   0,   0,   0,   0,   0,   0,   0, 
353: 3   2   1   0   4 |  32,  32,  32,  31,   0,   0,   0,   0,   0,   0,   0,   0,   0, 
354: 4   3   2   1   0 |  32,  32,  32,  32,   0,   0,   0,   0,   0,   0,   0,   0,   0, 
355: 4   3   -   2   1 |  33,  32,  32,  32,   0,   0,   0,   0,   0,   0,   0,   0,   0, 
356: 4   3   -   -   2 |  33,  33,  32,  32,   0,   0,   0,   0,   0,   0,   0,   0,   0, 
357: 0   4   3   -   - |  33,  33,  33,  32,   0,   0,   0,   0,   0,   0,   0,   0,   0, 
358: 1   0   4   3   - |  33,  33,  33,  32,   0,   0,   0,   0,   0,   0,   0,   0,   0, 
359: 2   1   0   4   3 |  33,  33,  33,  32,   0,   0,   0,   0,   0,   0,   0,   0,   0, 
360: 3   2   1   0   4 |  33,  33,  33,  32,   0,   0,   0,   0,   0,   0,   0,   0,   0, 
361: 4   3   2   1   0 |  33,  33,  33,  33,   0,   0,   0,   0,   0,   0,   0,   0,   0, 
362: 4   3   -   2   1 |  34,  33,  33,  33,   0,   0,   0,   0,   0,   0,   0,   0,   0, 
363: 4   3   -   -   2 |  34,  34,  33,  33,   0,   0,   0,   0,   0,   0,   0,   0,   0, 
364: 0   4   3   -   - |  34,  34,  34,  33,   0,   0,   0,   0,   0,   0,   0,   0,   0, 
365: 1   0   4   3   - |  34,  34,  34,  33,   0,   0,   0,   0,   0,   0,   0,   0,   0, 
366: 2   1   0   4   3 |  34,  34,  34,  33,   0,   0,   0,   0,   0,   0,   0,   0,   0, 
367: 3   2   1   0   4 |  34,  34,  34,  33,   0,   0,   0,   0,   0,   0,   0,   0,   0, 
368: 4   3   2   1   0 |  34,  34,  34,  34,   0,   0,   0,   0,   0,   0,   0,   0,   0, 
369: 4   3   -   2   1 |  35,  34,  34,  34,   0,   0,   0,   0,   0,   0,   0,   0,   0, 
370: 4   3   -   -   2 |  35,  35,  34,  34,   0,   0,   0,   0,   0,   0,   0,   0,   0, 
371: 0   4   3   -   - |  35,  35,  35,  34,   0,   0,   0,   0,   0,   0,   0,   0,   0, 
372: 1   0   4   3   - |  35,  35,  35,  34,   0,   0,   0,   0,   0,   0,   0,   0,   0, 
373: 2   1   0   4   3 |  35,  35,  35,  34,   0,   0,   0,   0,   0,   0,   0,   0,   0, 
374: 3   2   1   0   4 |  35,  35,  35,  34,   0,   0,   0,   0,   0,   0,   0,   0,   0, 
375: 4   3   2   1   0 |  35,  35,  35,  35,   0,   0,   0,   0,   0,   0,   0,   0,   0, 
376: 4   3   -   2   1 |  36,  35,  35,  35,   0,   0,   0,   0,   0,   0,   0,   0,   0, 
377: 4   3   -   -   2 |  36,  36,  35,  35,   0,   0,   0,   0,   0,   0,   0,   0,   0, 
378: 0   4   3   -   - |  36,  36,  36,  35,   0,   0,   0,   0,   0,   0,   0,   0,   0, 
379: 1   0   4   3   - |  36,  36,  36,  35,   0,   0,   0,   0,   0,   0,   0,   0,   0, 
380: 2   1   0   4   3 |  36,  36,  36,  35,   0,   0,   0,   0,   0,   0,   0,   0,   0, 
381: 3   2   1   0   4 |  36,  36,  36,  35,   0,   0,   0,   0,   0,   0,   0,   0,   0, 
382: 4   3   2   1   0 |  36,  36,  36,  36,   0,   0,   0,   0,   0,   0,   0,   0,   0, 
383: 4   3   -   2   1 |  37,  36,  36,  36,   0,   0,   0,   0,   0,   0,   0,   0,   0, 
384: 4   3   -   -   2 |  37,  37,  36,  36,   0,   0,   0,   0,   0,   0,   0,   0,   0, 
385: 0   4   3   -   - |  37,  37,  37,  36,   0,   0,   0,   0,   0,   0,   0,   0,   0, 
386: 1   0   4   3   - |  37,  37,  37,  36,   0,   0,   0,   0,   0,   0,   0,   0,   0, 
387: 2   1   0   4   3 |  37,  37,  37,  36,   0,   0,   0,   0,   0,   0,   0,   0,   0, 
388: 3   2   1   0   4 |  37,  37,  37,  36,   0,   0,   0,   0,   0,   0,   0,   0,   0, 
389: 4   3   2   1   0 |  37,  37,  37,  37,   0,   0,   0,   0,   0,   0,   0,   0,   0, 
390: 4   3   -   2   1 |  38,  37,  37,  37,   0,   0,   0,   0,   0,   0,   0,   0,   0, 
391: 4   3   -   -   2 |  38,  38,  37,  37,   0,   0,   0,   0,   0,   0,   0,   0,   0, 
392: 0   4   3   -   - |  38,  38,  38,  37,   0,   0,   0,   0,   0,   0,   0,   0,   0, 
393: 1   0   4   3   - |  38,  38,  38,  37,   0,   0,   0,   0,   0,   0,   0,   0,   0, 
394: 2   1   0   4   3 |  38,  38,  38,  37,   0,   0,   0,   0,   0,   0,   0,   0,   0, 
395: 3   2   1   0   4 |  38,  38,  38,  37,   0,   0,   0,   0,   0,   0,   0,   0,   0, 
396: 4   3   2   1   0 |  38,  38,  38,  38,   0,   0,   0,   0,   0,   0,   0,   0,   0, 
397: 4   3   -   2   1 |  39,  38,  38,  38,   0,   0,   0,   0,   0,   0,   0,   0,   0, 
398: 4   3   -   -   2 |  39,  39,  38,  38,   0,   0,   0,   0,   0,   0,   0,   0,   0, 
399: 0   4   3   -   - |  39,  39,  39,  38,   0,   0,   0,   0,   0,   0,   0,   0,   0, 
400: 1   0   4   3   - |  39,  39,  39,  38,   0,   0,   0,   0,   0,   0,   0,   0,   0, 
401: 2   1   0   4   3 |  39,  39,  39,  38,   0,   0,   0,   0,   0,   0,   0,   0,   0, 
402: 3   2   1   0   4 |  39,  39,  39,  38,   0,   0,   0,   0,   0,   0,   0,   0,   0, 
403: 4   3   2   1   0 |  39,  39,  39,  39,   0,   0,   0,   0,   0,   0,   0,   0,   0, 
404: 4   3   -   2   1 |  3A,  39,  39,  39,   0,   0,   0,   0,   0,   0,   0,   0,   0, 
405: 4   3   -   -   2 |  3A,  3A,  39,  39,   0,   0,   0,   0,   0,   0,   0,   0,   0, 
406: 0   4   3   -   - |  3A,  3A,  3A,  39,   0,   0,   0,   0,   0,   0,   0,   0,   0, 
407: 1   0   4   3   - |  3A,  3A,  3A,  39,   0,   0,   0,   0,   0,   0,   0,   0,   0, 
408: 2   1   0   4   3 |  3A,  3A,  3A,  39,   0,   0,   0,   0,   0,   0,   0,   0,   0, 
409: 3   2   1   0   4 |  3A,  3A,  3A,  39,   0,   0,   0,   0,   0,   0,   0,   0,   0, 
410: 4   3   2   1   0 |  3A,  3A,  3A,  3A,   0,   0,   0,   0,   0,   0,   0,   0,   0, 
411: 4   3   -   2   1 |  3B,  3A,  3A,  3A,   0,   0,   0,   0,   0,   0,   0,   0,   0, 
412: 4   3   -   -   2 |  3B,  3B,  3A,  3A,   0,   0,   0,   0,   0,   0,   0,   0,   0, 
413: 0   4   3   -   - |  3B,  3B,  3B,  3A,   0,   0,   0,   0,   0,   0,   0,   0,   0, 
414: 1   0   4   3   - |  3B,  3B,  3B,  3A,   0,   0,   0,   0,   0,   0,   0,   0,   0, 
415: 2   1   0   4   3 |  3B,  3B,  3B,  3A,   0,   0,   0,   0,   0,   0,   0,   0,   0, 
416: 3   2   1   0   4 |  3B,  3B,  3B,  3A,   0,   0,   0,   0,   0,   0,   0,   0,   0, 
417: 4   3   2   1   0 |  3B,  3B,  3B,  3B,   0,   0,   0,   0,   0,   0,   0,   0,   0, 
418: 4   3   -   2   1 |  3C,  3B,  3B,  3B,   0,   0,   0,   0,   0,   0,   0,   0,   0, 
419: 4   3   -   -   2 |  3C,  3C,  3B,  3B,   0,   0,   0,   0,   0,   0,   0,   0,   0, 
420: 0   4   3   -   - |  3C,  3C,  3C,  3B,   0,   0,   0,   0,   0,   0,   0,   0,   0, 
421: 1   0   4   3   - |  3C,  3C,  3C,  3B,   0,   0,   0,   0,   0,   0,   0,   0,   0, 
422: 2   1   0   4   3 |  3C,  3C,  3C,  3B,   0,   0,   0,   0,   0,   0,   0,   0,   0, 
423: 3   2   1   0   4 |  3C,  3C,  3C,  3B,   0,   0,   0,   0,   0,   0,   0,   0,   0, 
424: 4   3   2   1   0 |  3C,  3C,  3C,  3C,   0,   0,   0,   0,   0,   0,   0,   0,   0, 
425: 4   3   -   2   1 |  3D,  3C,  3C,  3C,   0,   0,   0,   0,   0,   0,   0,   0,   0, 
426: 4   3   -   -   2 |  3D,  3D,  3C,  3C,   0,   0,   0,   0,   0,   0,   0,   0,   0, 
427: 0   4   3   -   - |  3D,  3D,  3D,  3C,   0,   0,   0,   0,   0,   0,   0,   0,   0, 
428: 1   0   4   3   - |  3D,  3D,  3D,  3C,   0,   0,   0,   0,   0,   0,   0,   0,   0, 
429: 2   1   0   4   3 |  3D,  3D,  3D,  3C,   0,   0,   0,   0,   0,   0,   0,   0,   0, 
430: 3   2   1   0   4 |  3D,  3D,  3D,  3C,   0,   0,   0,   0,   0,   0,   0,   0,   0, 
431: 4   3   2   1   0 |  3D,  3D,  3D,  3D,   0,   0,   0,   0,   0,   0,   0,   0,   0, 
432: 4   3   -   2   1 |  3E,  3D,  3D,  3D,   0,   0,   0,   0,   0,   0,   0,   0,   0, 
433: 4   3   -   -   2 |  3E,  3E,  3D,  3D,   0,   0,   0,   0,   0,   0,   0,   0,   0, 
434: 0   4   3   -   - |  3E,  3E,  3E,  3D,   0,   0,   0,   0,   0,   0,   0,   0,   0, 
435: 1   0   4   3   - |  3E,  3E,  3E,  3D,   0,   0,   0,   0,   0,   0,   0,   0,   0, 
436: 2   1   0   4   3 |  3E,  3E,  3E,  3D,   0,   0,   0,   0,   0,   0,   0,   0,   0, 
437: 3   2   1   0   4 |  3E,  3E,  3E,  3D,   0,   0,   0,   0,   0,   0,   0,   0,   0, 
438: 4   3   2   1   0 |  3E,  3E,  3E,  3E,   0,   0,   0,   0,   0,   0,   0,   0,   0, 
439: 4   3   -   2   1 |  3F,  3E,  3E,  3E,   0,   0,   0,   0,   0,   0,   0,   0,   0, 
440: 4   3   -   -   2 |  3F,  3F,  3E,  3E,   0,   0,   0,   0,   0,   0,   0,   0,   0, 
441: 0   4   3   -   - |  3F,  3F,  3F,  3E,   0,   0,   0,   0,   0,   0,   0,   0,   0, 
442: 1   0   4   3   - |  3F,  3F,  3F,  3E,   0,   0,   0,   0,   0,   0,   0,   0,   0, 
443: 2   1   0   4   3 |  3F,  3F,  3F,  3E,   0,   0,   0,   0,   0,   0,   0,   0,   0, 
444: 3   2   1   0   4 |  3F,  3F,  3F,  3E,   0,   0,   0,   0,   0,   0,   0,   0,   0, 
445: 4   3   2   1   0 |  3F,  3F,  3F,  3F,   0,   0,   0,   0,   0,   0,   0,   0,   0, 
446: 4   3   -   2   1 |  40,  3F,  3F,  3F,   0,   0,   0,   0,   0,   0,   0,   0,   0, 
447: 4   3   -   -   2 |  40,  40,  3F,  3F,   0,   0,   0,   0,   0,   0,   0,   0,   0, 
448: 0   4   3   -   - |  40,  40,  40,  3F,   0,   0,   0,   0,   0,   0,   0,   0,   0, 
449: 1   0   4   3   - |  40,  40,  40,  3F,   0,   0,   0,   0,   0,   0,   0,   0,   0, 
450: 2   1   0   4   3 |  40,  40,  40,  3F,   0,   0,   0,   0,   0,   0,   0,   0,   0, 
451: 3   2   1   0   4 |  40,  40,  40,  3F,   0,   0,   0,   0,   0,   0,   0,   0,   0, 
452: 4   3   2   1   0 |  40,  40,  40,  40,   0,   0,   0,   0,   0,   0,   0,   0,   0, 
453: 4   3   -   2   1 |  41,  40,  40,  40,   0,   0,   0,   0,   0,   0,   0,   0,   0, 
454: 4   3   -   -   2 |  41,  41,  40,  40,   0,   0,   0,   0,   0,   0,   0,   0,   0, 
455: 0   4   3   -   - |  41,  41,  41,  40,   0,   0,   0,   0,   0,   0,   0,   0,   0, 
456: 1   0   4   3   - |  41,  41,  41,  40,   0,   0,   0,   0,   0,   0,   0,   0,   0, 
457: 2   1   0   4   3 |  41,  41,  41,  40,   0,   0,   0,   0,   0,   0,   0,   0,   0, 
458: 3   2   1   0   4 |  41,  41,  41,  40,   0,   0,   0,   0,   0,   0,   0,   0,   0, 
459: 4   3   2   1   0 |  41,  41,  41,  41,   0,   0,   0,   0,   0,   0,   0,   0,   0, 
460: 4   3   -   2   1 |  42,  41,  41,  41,   0,   0,   0,   0,   0,   0,   0,   0,   0, 
461: 4   3   -   -   2 |  42,  42,  41,  41,   0,   0,   0,   0,   0,   0,   0,   0,   0, 
462: 0   4   3   -   - |  42,  42,  42,  41,   0,   0,   0,   0,   0,   0,   0,   0,   0, 
463: 1   0   4   3   - |  42,  42,  42,  41,   0,   0,   0,   0,   0,   0,   0,   0,   0, 
464: 2   1   0   4   3 |  42,  42,  42,  41,   0,   0,   0,   0,   0,   0,   0,   0,   0, 
465: 3   2   1   0   4 |  42,  42,  42,  41,   0,   0,   0,   0,   0,   0,   0,   0,   0, 
466: 4   3   2   1   0 |  42,  42,  42,  42,   0,   0,   0,   0,   0,   0,   0,   0,   0, 
467: 4   3   -   2   1 |  43,  42,  42,  42,   0,   0,   0,   0,   0,   0,   0,   0,   0, 
468: 4   3   -   -   2 |  43,  43,  42,  42,   0,   0,   0,   0,   0,   0,   0,   0,   0, 
469: 0   4   3   -   - |  43,  43,  43,  42,   0,   0,   0,   0,   0,   0,   0,   0,   0, 
470: 1   0   4   3   - |  43,  43,  43,  42,   0,   0,   0,   0,   0,   0,   0,   0,   0, 
471: 2   1   0   4   3 |  43,  43,  43,  42,   0,   0,   0,   0,   0,   0,   0,   0,   0, 
472: 3   2   1   0   4 |  43,  43,  43,  42,   0,   0,   0,   0,   0,   0,   0,   0,   0, 
473: 4   3   2   1   0 |  43,  43,  43,  43,   0,   0,   0,   0,   0,   0,   0,   0,   0, 
474: 4   3   -   2   1 |  44,  43,  43,  43,   0,   0,   0,   0,   0,   0,   0,   0,   0, 
475: 4   3   -   -   2 |  44,  44,  43,  43,   0,   0,   0,   0,   0,   0,   0,   0,   0, 
476: 0   4   3   -   - |  44,  44,  44,  43,   0,   0,   0,   0,   0,   0,   0,   0,   0, 
477: 1   0   4   3   - |  44,  44,  44,  43,   0,   0,   0,   0,   0,   0,   0,   0,   0, 
478: 2   1   0   4   3 |  44,  44,  44,  43,   0,   0,   0,   0,   0,   0,   0,   0,   0, 
479: 3   2   1   0   4 |  44,  44,  44,  43,   0,   0,   0,   0,   0,   0,   0,   0,   0, 
480: 4   3   2   1   0 |  44,  44,  44,  44,   0,   0,   0,   0,   0,   0,   0,   0,   0, 
481: 4   3   -   2   1 |  45,  44,  44,  44,   0,   0,   0,   0,   0,   0,   0,   0,   0, 
482: 4   3   -   -   2 |  45,  45,  44,  44,   0,   0,   0,   0,   0,   0,   0,   0,   0, 
483: 0   4   3   -   - |  45,  45,  45,  44,   0,   0,   0,   0,   0,   0,   0,   0,   0, 
484: 1   0   4   3   - |  45,  45,  45,  44,   0,   0,   0,   0,   0,   0,   0,   0,   0, 
485: 2   1   0   4   3 |  45,  45,  45,  44,   0,   0,   0,   0,   0,   0,   0,   0,   0, 
486: 3   2   1   0   4 |  45,  45,  45,  44,   0,   0,   0,   0,   0,   0,   0,   0,   0, 
487: 4   3   2   1   0 |  45,  45,  45,  45,   0,   0,   0,   0,   0,   0,   0,   0,   0, 
488: 4   3   -   2   1 |  46,  45,  45,  45,   0,   0,   0,   0,   0,   0,   0,   0,   0, 
489: 4   3   -   -   2 |  46,  46,  45,  45,   0,   0,   0,   0,   0,   0,   0,   0,   0, 
490: 0   4   3   -   - |  46,  46,  46,  45,   0,   0,   0,   0,   0,   0,   0,   0,   0, 
491: 1   0   4   3   - |  46,  46,  46,  45,   0,   0,   0,   0,   0,   0,   0,   0,   0, 
492: 2   1   0   4   3 |  46,  46,  46,  45,   0,   0,   0,   0,   0,   0,   0,   0,   0, 
493: 3   2   1   0   4 |  46,  46,  46,  45,   0,   0,   0,   0,   0,   0,   0,   0,   0, 
494: 4   3   2   1   0 |  46,  46,  46,  46,   0,   0,   0,   0,   0,   0,   0,   0,   0, 
495: 4   3   -   2   1 |  47,  46,  46,  46,   0,   0,   0,   0,   0,   0,   0,   0,   0, 
496: 4   3   -   -   2 |  47,  47,  46,  46,   0,   0,   0,   0,   0,   0,   0,   0,   0, 
497: 0   4   3   -   - |  47,  47,  47,  46,   0,   0,   0,   0,   0,   0,   0,   0,   0, 
498: 1   0   4   3   - |  47,  47,  47,  46,   0,   0,   0,   0,   0,   0,   0,   0,   0, 
499: 2   1   0   4   3 |  47,  47,  47,  46,   0,   0,   0,   0,   0,   0,   0,   0,   0, 
500: 3   2   1   0   4 |  47,  47,  47,  46,   0,   0,   0,   0,   0,   0,   0,   0,   0, 
501: 4   3   2   1   0 |  47,  47,  47,  47,   0,   0,   0,   0,   0,   0,   0,   0,   0, 
502: 4   3   -   2   1 |  48,  47,  47,  47,   0,   0,   0,   0,   0,   0,   0,   0,   0, 
503: 4   3   -   -   2 |  48,  48,  47,  47,   0,   0,   0,   0,   0,   0,   0,   0,   0, 
504: 0   4   3   -   - |  48,  48,  48,  47,   0,   0,   0,   0,   0,   0,   0,   0,   0, 
505: 1   0   4   3   - |  48,  48,  48,  47,   0,   0,   0,   0,   0,   0,   0,   0,   0, 
506: 2   1   0   4   3 |  48,  48,  48,  47,   0,   0,   0,   0,   0,   0,   0,   0,   0, 
507: 3   2   1   0   4 |  48,  48,  48,  47,   0,   0,   0,   0,   0,   0,   0,   0,   0, 
508: 4   3   2   1   0 |  48,  48,  48,  48,   0,   0,   0,   0,   0,   0,   0,   0,   0, 
509: 4   3   -   2   1 |  49,  48,  48,  48,   0,   0,   0,   0,   0,   0,   0,   0,   0, 
510: 4   3   -   -   2 |  49,  49,  48,  48,   0,   0,   0,   0,   0,   0,   0,   0,   0, 
511: 0   4   3   -   - |  49,  49,  49,  48,   0,   0,   0,   0,   0,   0,   0,   0,   0, 
512: 1   0   4   3   - |  49,  49,  49,  48,   0,   0,   0,   0,   0,   0,   0,   0,   0, 
513: 2   1   0   4   3 |  49,  49,  49,  48,   0,   0,   0,   0,   0,   0,   0,   0,   0, 
514: 3   2   1   0   4 |  49,  49,  49,  48,   0,   0,   0,   0,   0,   0,   0,   0,   0, 
515: 4   3   2   1   0 |  49,  49,  49,  49,   0,   0,   0,   0,   0,   0,   0,   0,   0, 
516: 4   3   -   2   1 |  4A,  49,  49,  49,   0,   0,   0,   0,   0,   0,   0,   0,   0, 
517: 4   3   -   -   2 |  4A,  4A,  49,  49,   0,   0,   0,   0,   0,   0,   0,   0,   0, 
518: 0   4   3   -   - |  4A,  4A,  4A,  49,   0,   0,   0,   0,   0,   0,   0,   0,   0, 
519: 1   0   4   3   - |  4A,  4A,  4A,  49,   0,   0,   0,   0,   0,   0,   0,   0,   0, 
520: 2   1   0   4   3 |  4A,  4A,  4A,  49,   0,   0,   0,   0,   0,   0,   0,   0,   0, 
521: 3   2   1   0   4 |  4A,  4A,  4A,  49,   0,   0,   0,   0,   0,   0,   0,   0,   0, 
522: 4   3   2   1   0 |  4A,  4A,  4A,  4A,   0,   0,   0,   0,   0,   0,   0,   0,   0, 
523: 4   3   -   2   1 |  4B,  4A,  4A,  4A,   0,   0,   0,   0,   0,   0,   0,   0,   0, 
524: 4   3   -   -   2 |  4B,  4B,  4A,  4A,   0,   0,   0,   0,   0,   0,   0,   0,   0, 
525: 0   4   3   -   - |  4B,  4B,  4B,  4A,   0,   0,   0,   0,   0,   0,   0,   0,   0, 
526: 1   0   4   3   - |  4B,  4B,  4B,  4A,   0,   0,   0,   0,   0,   0,   0,   0,   0, 
527: 2   1   0   4   3 |  4B,  4B,  4B,  4A,   0,   0,   0,   0,   0,   0,   0,   0,   0, 
528: 3   2   1   0   4 |  4B,  4B,  4B,  4A,   0,   0,   0,   0,   0,   0,   0,   0,   0, 
529: 4   3   2   1   0 |  4B,  4B,  4B,  4B,   0,   0,   0,   0,   0,   0,   0,   0,   0, 
530: 4   3   -   2   1 |  4C,  4B,  4B,  4B,   0,   0,   0,   0,   0,   0,   0,   0,   0, 
531: 4   3   -   -   2 |  4C,  4C,  4B,  4B,   0,   0,   0,   0,   0,   0,   0,   0,   0, 
532: 0   4   3   -   - |  4C,  4C,  4C,  4B,   0,   0,   0,   0,   0,   0,   0,   0,   0, 
533: 1   0   4   3   - |  4C,  4C,  4C,  4B,   0,   0,   0,   0,   0,   0,   0,   0,   0, 
534: 2   1   0   4   3 |  4C,  4C,  4C,  4B,   0,   0,   0,   0,   0,   0,   0,   0,   0, 
535: 3   2   1   0   4 |  4C,  4C,  4C,  4B,   0,   0,   0,   0,   0,   0,   0,   0,   0, 
536: 4   3   2   1   0 |  4C,  4C,  4C,  4C,   0,   0,   0,   0,   0,   0,   0,   0,   0, 
537: 4   3   -   2   1 |  4D,  4C,  4C,  4C,   0,   0,   0,   0,   0,   0,   0,   0,   0, 
538: 4   3   -   -   2 |  4D,  4D,  4C,  4C,   0,   0,   0,   0,   0,   0,   0,   0,   0, 
539: 0   4   3   -   - |  4D,  4D,  4D,  4C,   0,   0,   0,   0,   0,   0,   0,   0,   0, 
540: 1   0   4   3   - |  4D,  4D,  4D,  4C,   0,   0,   0,   0,   0,   0,   0,   0,   0, 
541: 2   1   0   4   3 |  4D,  4D,  4D,  4C,   0,   0,   0,   0,   0,   0,   0,   0,   0, 
542: 3   2   1   0   4 |  4D,  4D,  4D,  4C,   0,   0,   0,   0,   0,   0,   0,   0,   0, 
543: 4   3   2   1   0 |  4D,  4D,  4D,  4D,   0,   0,   0,   0,   0,   0,   0,   0,   0, 
544: 4   3   -   2   1 |  4E,  4D,  4D,  4D,   0,   0,   0,   0,   0,   0,   0,   0,   0, 
545: 4   3   -   -   2 |  4E,  4E,  4D,  4D,   0,   0,   0,   0,   0,   0,   0,   0,   0, 
546: 0   4   3   -   - |  4E,  4E,  4E,  4D,   0,   0,   0,   0,   0,   0,   0,   0,   0, 
547: 1   0   4   3   - |  4E,  4E,  4E,  4D,   0,   0,   0,   0,   0,   0,   0,   0,   0, 
548: 2   1   0   4   3 |  4E,  4E,  4E,  4D,   0,   0,   0,   0,   0,   0,   0,   0,   0, 
549: 3   2   1   0   4 |  4E,  4E,  4E,  4D,   0,   0,   0,   0,   0,   0,   0,   0,   0, 
550: 4   3   2   1   0 |  4E,  4E,  4E,  4E,   0,   0,   0,   0,   0,   0,   0,   0,   0, 
551: 4   3   -   2   1 |  4F,  4E,  4E,  4E,   0,   0,   0,   0,   0,   0,   0,   0,   0, 
552: 4   3   -   -   2 |  4F,  4F,  4E,  4E,   0,   0,   0,   0,   0,   0,   0,   0,   0, 
553: 0   4   3   -   - |  4F,  4F,  4F,  4E,   0,   0,   0,   0,   0,   0,   0,   0,   0, 
554: 1   0   4   3   - |  4F,  4F,  4F,  4E,   0,   0,   0,   0,   0,   0,   0,   0,   0, 
555: 2   1   0   4   3 |  4F,  4F,  4F,  4E,   0,   0,   0,   0,   0,   0,   0,   0,   0, 
556: 3   2   1   0   4 |  4F,  4F,  4F,  4E,   0,   0,   0,   0,   0,   0,   0,   0,   0, 
557: 4   3   2   1   0 |  4F,  4F,  4F,  4F,   0,   0,   0,   0,   0,   0,   0,   0,   0, 
558: 4   3   -   2   1 |  50,  4F,  4F,  4F,   0,   0,   0,   0,   0,   0,   0,   0,   0, 
559: 4   3   -   -   2 |  50,  50,  4F,  4F,   0,   0,   0,   0,   0,   0,   0,   0,   0, 
560: 0   4   3   -   - |  50,  50,  50,  4F,   0,   0,   0,   0,   0,   0,   0,   0,   0, 
561: 1   0   4   3   - |  50,  50,  50,  4F,   0,   0,   0,   0,   0,   0,   0,   0,   0, 
562: 2   1   0   4   3 |  50,  50,  50,  4F,   0,   0,   0,   0,   0,   0,   0,   0,   0, 
563: 3   2   1   0   4 |  50,  50,  50,  4F,   0,   0,   0,   0,   0,   0,   0,   0,   0, 
564: 4   3   2   1   0 |  50,  50,  50,  50,   0,   0,   0,   0,   0,   0,   0,   0,   0, 
565: 4   3   -   2   1 |  51,  50,  50,  50,   0,   0,   0,   0,   0,   0,   0,   0,   0, 
566: 4   3   -   -   2 |  51,  51,  50,  50,   0,   0,   0,   0,   0,   0,   0,   0,   0, 
567: 0   4   3   -   - |  51,  51,  51,  50,   0,   0,   0,   0,   0,   0,   0,   0,   0, 
568: 1   0   4   3   - |  51,  51,  51,  50,   0,   0,   0,   0,   0,   0,   0,   0,   0, 
569: 2   1   0   4   3 |  51,  51,  51,  50,   0,   0,   0,   0,   0,   0,   0,   0,   0, 
570: 3   2   1   0   4 |  51,  51,  51,  50,   0,   0,   0,   0,   0,   0,   0,   0,   0, 
571: 4   3   2   1   0 |  51,  51,  51,  51,   0,   0,   0,   0,   0,   0,   0,   0,   0, 
572: 4   3   -   2   1 |  52,  51,  51,  51,   0,   0,   0,   0,   0,   0,   0,   0,   0, 
573: 4   3   -   -   2 |  52,  52,  51,  51,   0,   0,   0,   0,   0,   0,   0,   0,   0, 
574: 0   4   3   -   - |  52,  52,  52,  51,   0,   0,   0,   0,   0,   0,   0,   0,   0, 
575: 1   0   4   3   - |  52,  52,  52,  51,   0,   0,   0,   0,   0,   0,   0,   0,   0, 
576: 2   1   0   4   3 |  52,  52,  52,  51,   0,   0,   0,   0,   0,   0,   0,   0,   0, 
577: 3   2   1   0   4 |  52,  52,  52,  51,   0,   0,   0,   0,   0,   0,   0,   0,   0, 
578: 4   3   2   1   0 |  52,  52,  52,  52,   0,   0,   0,   0,   0,   0,   0,   0,   0, 
579: 4   3   -   2   1 |  53,  52,  52,  52,   0,   0,   0,   0,   0,   0,   0,   0,   0, 
580: 4   3   -   -   2 |  53,  53,  52,  52,   0,   0,   0,   0,   0,   0,   0,   0,   0, 
581: 0   4   3   -   - |  53,  53,  53,  52,   0,   0,   0,   0,   0,   0,   0,   0,   0, 
582: 1   0   4   3   - |  53,  53,  53,  52,   0,   0,   0,   0,   0,   0,   0,   0,   0, 
583: 2   1   0   4   3 |  53,  53,  53,  52,   0,   0,   0,   0,   0,   0,   0,   0,   0, 
584: 3   2   1   0   4 |  53,  53,  53,  52,   0,   0,   0,   0,   0,   0,   0,   0,   0, 
585: 4   3   2   1   0 |  53,  53,  53,  53,   0,   0,   0,   0,   0,   0,   0,   0,   0, 
586: 4   3   -   2   1 |  54,  53,  53,  53,   0,   0,   0,   0,   0,   0,   0,   0,   0, 
587: 4   3   -   -   2 |  54,  54,  53,  53,   0,   0,   0,   0,   0,   0,   0,   0,   0, 
588: 0   4   3   -   - |  54,  54,  54,  53,   0,   0,   0,   0,   0,   0,   0,   0,   0, 
589: 1   0   4   3   - |  54,  54,  54,  53,   0,   0,   0,   0,   0,   0,   0,   0,   0, 
590: 2   1   0   4   3 |  54,  54,  54,  53,   0,   0,   0,   0,   0,   0,   0,   0,   0, 
591: 3   2   1   0   4 |  54,  54,  54,  53,   0,   0,   0,   0,   0,   0,   0,   0,   0, 
592: 4   3   2   1   0 |  54,  54,  54,  54,   0,   0,   0,   0,   0,   0,   0,   0,   0, 
593: 4   3   -   2   1 |  55,  54,  54,  54,   0,   0,   0,   0,   0,   0,   0,   0,   0, 
594: 4   3   -   -   2 |  55,  55,  54,  54,   0,   0,   0,   0,   0,   0,   0,   0,   0, 
595: 0   4   3   -   - |  55,  55,  55,  54,   0,   0,   0,   0,   0,   0,   0,   0,   0, 
596: 1   0   4   3   - |  55,  55,  55,  54,   0,   0,   0,   0,   0,   0,   0,   0,   0, 
597: 2   1   0   4   3 |  55,  55,  55,  54,   0,   0,   0,   0,   0,   0,   0,   0,   0, 
598: 3   2   1   0   4 |  55,  55,  55,  54,   0,   0,   0,   0,   0,   0,   0,   0,   0, 
599: 4   3   2   1   0 |  55,  55,  55,  55,   0,   0,   0,   0,   0,   0,   0,   0,   0, 
600: 4   3   -   2   1 |  56,  55,  55,  55,   0,   0,   0,   0,   0,   0,   0,   0,   0, 
601: 4   3   -   -   2 |  56,  56,  55,  55,   0,   0,   0,   0,   0,   0,   0,   0,   0, 
602: 0   4   3   -   - |  56,  56,  56,  55,   0,   0,   0,   0,   0,   0,   0,   0,   0, 
603: 1   0   4   3   - |  56,  56,  56,  55,   0,   0,   0,   0,   0,   0,   0,   0,   0, 
604: 2   1   0   4   3 |  56,  56,  56,  55,   0,   0,   0,   0,   0,   0,   0,   0,   0, 
605: 3   2   1   0   4 |  56,  56,  56,  55,   0,   0,   0,   0,   0,   0,   0,   0,   0, 
606: 4   3   2   1   0 |  56,  56,  56,  56,   0,   0,   0,   0,   0,   0,   0,   0,   0, 
607: 4   3   -   2   1 |  57,  56,  56,  56,   0,   0,   0,   0,   0,   0,   0,   0,   0, 
608: 4   3   -   -   2 |  57,  57,  56,  56,   0,   0,   0,   0,   0,   0,   0,   0,   0, 
609: 0   4   3   -   - |  57,  57,  57,  56,   0,   0,   0,   0,   0,   0,   0,   0,   0, 
610: 1   0   4   3   - |  57,  57,  57,  56,   0,   0,   0,   0,   0,   0,   0,   0,   0, 
611: 2   1   0   4   3 |  57,  57,  57,  56,   0,   0,   0,   0,   0,   0,   0,   0,   0, 
612: 3   2   1   0   4 |  57,  57,  57,  56,   0,   0,   0,   0,   0,   0,   0,   0,   0, 
613: 4   3   2   1   0 |  57,  57,  57,  57,   0,   0,   0,   0,   0,   0,   0,   0,   0, 
614: 4   3   -   2   1 |  58,  57,  57,  57,   0,   0,   0,   0,   0,   0,   0,   0,   0, 
615: 4   3   -   -   2 |  58,  58,  57,  57,   0,   0,   0,   0,   0,   0,   0,   0,   0, 
616: 0   4   3   -   - |  58,  58,  58,  57,   0,   0,   0,   0,   0,   0,   0,   0,   0, 
617: 1   0   4   3   - |  58,  58,  58,  57,   0,   0,   0,   0,   0,   0,   0,   0,   0, 
618: 2   1   0   4   3 |  58,  58,  58,  57,   0,   0,   0,   0,   0,   0,   0,   0,   0, 
619: 3   2   1   0   4 |  58,  58,  58,  57,   0,   0,   0,   0,   0,   0,   0,   0,   0, 
620: 4   3   2   1   0 |  58,  58,  58,  58,   0,   0,   0,   0,   0,   0,   0,   0,   0, 
621: 4   3   -   2   1 |  59,  58,  58,  58,   0,   0,   0,   0,   0,   0,   0,   0,   0, 
622: 4   3   -   -   2 |  59,  59,  58,  58,   0,   0,   0,   0,   0,   0,   0,   0,   0, 
623: 0   4   3   -   - |  59,  59,  59,  58,   0,   0,   0,   0,   0,   0,   0,   0,   0, 
624: 1   0   4   3   - |  59,  59,  59,  58,   0,   0,   0,   0,   0,   0,   0,   0,   0, 
625: 2   1   0   4   3 |  59,  59,  59,  58,   0,   0,   0,   0,   0,   0,   0,   0,   0, 
626: 3   2   1   0   4 |  59,  59,  59,  58,   0,   0,   0,   0,   0,   0,   0,   0,   0, 
627: 4   3   2   1   0 |  59,  59,  59,  59,   0,   0,   0,   0,   0,   0,   0,   0,   0, 
628: 4   3   -   2   1 |  5A,  59,  59,  59,   0,   0,   0,   0,   0,   0,   0,   0,   0, 
629: 4   3   -   -   2 |  5A,  5A,  59,  59,   0,   0,   0,   0,   0,   0,   0,   0,   0, 
630: 0   4   3   -   - |  5A,  5A,  5A,  59,   0,   0,   0,   0,   0,   0,   0,   0,   0, 
631: 1   0   4   3   - |  5A,  5A,  5A,  59,   0,   0,   0,   0,   0,   0,   0,   0,   0, 
632: 2   1   0   4   3 |  5A,  5A,  5A,  59,   0,   0,   0,   0,   0,   0,   0,   0,   0, 
633: 3   2   1   0   4 |  5A,  5A,  5A,  59,   0,   0,   0,   0,   0,   0,   0,   0,   0, 
634: 4   3   2   1   0 |  5A,  5A,  5A,  5A,   0,   0,   0,   0,   0,   0,   0,   0,   0, 
635: 4   3   -   2   1 |  5B,  5A,  5A,  5A,   0,   0,   0,   0,   0,   0,   0,   0,   0, 
636: 4   3   -   -   2 |  5B,  5B,  5A,  5A,   0,   0,   0,   0,   0,   0,   0,   0,   0, 
637: 0   4   3   -   - |  5B,  5B,  5B,  5A,   0,   0,   0,   0,   0,   0,   0,   0,   0, 
638: 1   0   4   3   - |  5B,  5B,  5B,  5A,   0,   0,   0,   0,   0,   0,   0,   0,   0, 
639: 2   1   0   4   3 |  5B,  5B,  5B,  5A,   0,   0,   0,   0,   0,   0,   0,   0,   0, 
640: 3   2   1   0   4 |  5B,  5B,  5B,  5A,   0,   0,   0,   0,   0,   0,   0,   0,   0, 
641: 4   3   2   1   0 |  5B,  5B,  5B,  5B,   0,   0,   0,   0,   0,   0,   0,   0,   0, 
642: 4   3   -   2   1 |  5C,  5B,  5B,  5B,   0,   0,   0,   0,   0,   0,   0,   0,   0, 
643: 4   3   -   -   2 |  5C,  5C,  5B,  5B,   0,   0,   0,   0,   0,   0,   0,   0,   0, 
644: 0   4   3   -   - |  5C,  5C,  5C,  5B,   0,   0,   0,   0,   0,   0,   0,   0,   0, 
645: 1   0   4   3   - |  5C,  5C,  5C,  5B,   0,   0,   0,   0,   0,   0,   0,   0,   0, 
646: 2   1   0   4   3 |  5C,  5C,  5C,  5B,   0,   0,   0,   0,   0,   0,   0,   0,   0, 
647: 3   2   1   0   4 |  5C,  5C,  5C,  5B,   0,   0,   0,   0,   0,   0,   0,   0,   0, 
648: 4   3   2   1   0 |  5C,  5C,  5C,  5C,   0,   0,   0,   0,   0,   0,   0,   0,   0, 
649: 4   3   -   2   1 |  5D,  5C,  5C,  5C,   0,   0,   0,   0,   0,   0,   0,   0,   0, 
650: 4   3   -   -   2 |  5D,  5D,  5C,  5C,   0,   0,   0,   0,   0,   0,   0,   0,   0, 
651: 0   4   3   -   - |  5D,  5D,  5D,  5C,   0,   0,   0,   0,   0,   0,   0,   0,   0, 
652: 1   0   4   3   - |  5D,  5D,  5D,  5C,   0,   0,   0,   0,   0,   0,   0,   0,   0, 
653: 2   1   0   4   3 |  5D,  5D,  5D,  5C,   0,   0,   0,   0,   0,   0,   0,   0,   0, 
654: 3   2   1   0   4 |  5D,  5D,  5D,  5C,   0,   0,   0,   0,   0,   0,   0,   0,   0, 
655: 4   3   2   1   0 |  5D,  5D,  5D,  5D,   0,   0,   0,   0,   0,   0,   0,   0,   0, 
656: 4   3   -   2   1 |  5E,  5D,  5D,  5D,   0,   0,   0,   0,   0,   0,   0,   0,   0, 
657: 4   3   -   -   2 |  5E,  5E,  5D,  5D,   0,   0,   0,   0,   0,   0,   0,   0,   0, 
658: 0   4   3   -   - |  5E,  5E,  5E,  5D,   0,   0,   0,   0,   0,   0,   0,   0,   0, 
659: 1   0   4   3   - |  5E,  5E,  5E,  5D,   0,   0,   0,   0,   0,   0,   0,   0,   0, 
660: 2   1   0   4   3 |  5E,  5E,  5E,  5D,   0,   0,   0,   0,   0,   0,   0,   0,   0, 
661: 3   2   1   0   4 |  5E,  5E,  5E,  5D,   0,   0,   0,   0,   0,   0,   0,   0,   0, 
662: 4   3   2   1   0 |  5E,  5E,  5E,  5E,   0,   0,   0,   0,   0,   0,   0,   0,   0, 
663: 4   3   -   2   1 |  5F,  5E,  5E,  5E,   0,   0,   0,   0,   0,   0,   0,   0,   0, 
664: 4   3   -   -   2 |  5F,  5F,  5E,  5E,   0,   0,   0,   0,   0,   0,   0,   0,   0, 
665: 0   4   3   -   - |  5F,  5F,  5F,  5E,   0,   0,   0,   0,   0,   0,   0,   0,   0, 
666: 1   0   4   3   - |  5F,  5F,  5F,  5E,   0,   0,   0,   0,   0,   0,   0,   0,   0, 
667: 2   1   0   4   3 |  5F,  5F,  5F,  5E,   0,   0,   0,   0,   0,   0,   0,   0,   0, 
668: 3   2   1   0   4 |  5F,  5F,  5F,  5E,   0,   0,   0,   0,   0,   0,   0,   0,   0, 
669: 4   3   2   1   0 |  5F,  5F,  5F,  5F,   0,   0,   0,   0,   0,   0,   0,   0,   0, 
670: 4   3   -   2   1 |  60,  5F,  5F,  5F,   0,   0,   0,   0,   0,   0,   0,   0,   0, 
671: 4   3   -   -   2 |  60,  60,  5F,  5F,   0,   0,   0,   0,   0,   0,   0,   0,   0, 
672: 0   4   3   -   - |  60,  60,  60,  5F,   0,   0,   0,   0,   0,   0,   0,   0,   0, 
673: 1   0   4   3   - |  60,  60,  60,  5F,   0,   0,   0,   0,   0,   0,   0,   0,   0, 
674: 2   1   0   4   3 |  60,  60,  60,  5F,   0,   0,   0,   0,   0,   0,   0,   0,   0, 
675: 3   2   1   0   4 |  60,  60,  60,  5F,   0,   0,   0,   0,   0,   0,   0,   0,   0, 
676: 4   3   2   1   0 |  60,  60,  60,  60,   0,   0,   0,   0,   0,   0,   0,   0,   0, 
677: 4   3   -   2   1 |  61,  60,  60,  60,   0,   0,   0,   0,   0,   0,   0,   0,   0, 
678: 4   3   -   -   2 |  61,  61,  60,  60,   0,   0,   0,   0,   0,   0,   0,   0,   0, 
679: 0   4   3   -   - |  61,  61,  61,  60,   0,   0,   0,   0,   0,   0,   0,   0,   0, 
680: 1   0   4   3   - |  61,  61,  61,  60,   0,   0,   0,   0,   0,   0,   0,   0,   0, 
681: 2   1   0   4   3 |  61,  61,  61,  60,   0,   0,   0,   0,   0,   0,   0,   0,   0, 
682: 3   2   1   0   4 |  61,  61,  61,  60,   0,   0,   0,   0,   0,   0,   0,   0,   0, 
683: 4   3   2   1   0 |  61,  61,  61,  61,   0,   0,   0,   0,   0,   0,   0,   0,   0, 
684: 4   3   -   2   1 |  62,  61,  61,  61,   0,   0,   0,   0,   0,   0,   0,   0,   0, 
685: 4   3   -   -   2 |  62,  62,  61,  61,   0,   0,   0,   0,   0,   0,   0,   0,   0, 
686: 0   4   3   -   - |  62,  62,  62,  61,   0,   0,   0,   0,   0,   0,   0,   0,   0, 
687: 1   0   4   3   - |  62,  62,  62,  61,   0,   0,   0,   0,   0,   0,   0,   0,   0, 
688: 2   1   0   4   3 |  62,  62,  62,  61,   0,   0,   0,   0,   0,   0,   0,   0,   0, 
689: 3   2   1   0   4 |  62,  62,  62,  61,   0,   0,   0,   0,   0,   0,   0,   0,   0, 
690: 4   3   2   1   0 |  62,  62,  62,  62,   0,   0,   0,   0,   0,   0,   0,   0,   0, 
691: 4   3   -   2   1 |  63,  62,  62,  62,   0,   0,   0,   0,   0,   0,   0,   0,   0, 
692: 4   3   -   -   2 |  63,  63,  62,  62,   0,   0,   0,   0,   0,   0,   0,   0,   0, 
693: 0   4   3   -   - |  63,  63,  63,  62,   0,   0,   0,   0,   0,   0,   0,   0,   0, 
694: 1   0   4   3   - |  63,  63,  63,  62,   0,   0,   0,   0,   0,   0,   0,   0,   0, 
695: 2   1   0   4   3 |  63,  63,  63,  62,   0,   0,   0,   0,   0,   0,   0,   0,   0, 
696: 3   2   1   0   4 |  63,  63,  63,  62,   0,   0,   0,   0,   0,   0,   0,   0,   0, 
697: 4   3   2   1   0 |  63,  63,  63,  63,   0,   0,   0,   0,   0,   0,   0,   0,   0, 
698: 4   3   -   2   1 |  64,  63,  63,  63,   0,   0,   0,   0,   0,   0,   0,   0,   0, 
699: 4   3   -   -   2 |  64,  64,  63,  63,   0,   0,   0,   0,   0,   0,   0,   0,   0, 
700: 5   4   3   -   - |  64,  64,  64,  63,   0,   0,   0,   0,   0,   0,   0,   0,   0, 
701: 6   5   4   3   - |  64,  64,  64,  63,   0,   0,   0,   0,   0,   0,   0,   0,   0, 
702: -   -   5   4   3 |  64,  64,  64,  63,   0,   0,   0,   0,   0,   0,   0,   0,   0, 
703: -   -   -   5   4 |  64,  64,  64,  63,   0,   0,   0,   0,   0,   0,   0,   0,   0, 
704: -   -   -   -   5 |  64,  64,  64,  64,   0,   0,   0,   0,   0,   0,   0,   0,   0, 
