00000001
00000001
00000000
00000036
00000000
00000000
00000000
00000101
00000000
00000000
00000000
000004F5
00000000
00000000
00000000
000018B9
00000000
00000000
00000000
00194875
00000000
00000000
00000000
197B2398
00000000
00000000
00000000
94B821BB
00000000
00000000
00000000
4CF342DE
00000000
00000000
00000000
841F1B88
00000000
00000000
00000000
FBF83D4E
00000000
00000000
00000000
C51F79E3
00000000
00000000
00000000
B57FFD0F
00000000
00000000
00000000
0591A4CA
00000000
00000000
00000000
F715C160
00000000
00000000
00000000
77D60039
00000000
00000000
00000000
3F428375
00000000
00000000
00000000
5AD454C8
00000000
00000000
00000000
DD967537
00000000
00000000
00000000
B11A899A
00000000
00000000
00000000
1E4EF46E
00000000
00000000
00000000
DA09ED2C
00000000
00000000
00000000
7EA4C63C
00000000
00000000
00000000
321B43B2
00000000
00000000
00000000
03A61F17
00000000
00000000
00000000
0B941445
00000000
00000000
00000000
13EE48A7
00000000
00000000
00000000
1D888A6E
00000000
00000000
00000000
191FB7A7
00000000
00000000
00000000
A8569DAF
00000000
00000000
00000000
3676049A
00000000
00000000
00000000
7B369345
00000000
00000000
00000000
2EA29BAE
00000000
00000000
00000000
3EF2BB14
00000000
00000000
00000000
4FF8D96E
00000000
00000000
00000000
61A445DD
00000000
00000000
00000000
30454413
00000000
00000000
00000000
0B552B6B
00000000
00000000
00000000
441DF5E4
00000000
00000000
00000000
4EC33880
00000000
00000000
00000000
F1A8C91E
00000000
00000000
00000000
D3E478C3
00000000
00000000
00000000
302F941B
00000000
00000000
00000000
3EF896BA
00000000
00000000
00000000
B2632BD8
00000000
00000000
00000000
135DBCB0
00000000
00000000
00000000
763BAF73
00000000
00000000
00000000
D86CA2B3
00000000
00000000
00000000
262013BD
00000000
00000000
00000000
2B69C30A
00000000
00000000
00000000
357DC3B4
00000000
00000000
00000000
5AC906B3
00000000
00000000
00000000
FEACFFC1
00000000
00000000
00000000
71700E11
00000000
00000000
00000000
009D0CBA
00000000
00000000
00000000
0027B736
00000000
00000000
00000000
9A9D1208
00000000
00000000
00000000
D5AC0182
00000000
00000000
00000000
5B7DF3FD
00000000
00000000
00000000
DD7BC04F
00000000
00000000
00000000
88E33300
00000000
00000000
00000000
EB68F798
00000000
00000000
00000000
5B22E06F
00000000
00000000
00000000
B173E71E
00000000
00000000
00000000
0FEA1AB2
