00002000
00002000
00002000
00002000
00002000
00002000
00002000
00002000
00002000
00002000
00002000
00002000
00002000
00002000
00002000
00002000
00002000
00002000
00002000
00003002
00003002
00003002
00003002
00003002
00003002
00003002
00003002
00003002
00003002
00003002
00003002
00003002
00003002
00003002
00003002
00003002
00003002
00003002
00003002
00003002
00003002
00003002
00003002
00003002
00003002
00003002
00003002
00003002
00003002
00003002
00003002
00003002
00003002
00003002
00003002
00003002
00003002
00003002
00003002
00003002
00003002
00003002
00003002
00003002
